0 0.00000000e+00 0.00000000e+00 -4.44182043e-02 9.12862693e+01
1 3.39000000e+00 -2.95000000e+00 -2.90707953e-02 4.50740000e+00
2 -3.39000000e+00 2.95000000e+00 2.90707953e-02 4.50740000e+00
3 2.33000000e+00 -4.56000000e+00 1.16780167e+00 8.00081955e-01
4 3.44000000e+00 -9.84000000e+00 -1.84740317e-01 8.56774134e+01
5 4.45000000e+00 -1.38200000e+01 2.60808726e+00 7.21206280e-01
6 5.42000000e+00 -1.57400000e+01 -8.66026788e-02 2.69794769e+02
7 6.39000000e+00 -1.65800000e+01 4.88775079e+00 9.50308685e-01
8 7.74000000e+00 -1.94600000e+01 -3.55828794e-02 2.76211262e+02
9 9.59000000e+00 -2.09000000e+01 1.03407804e+01 7.26564500e-01
10 9.92000000e+00 -2.22800000e+01 1.43855309e-01 5.86931588e+02
11 8.42000000e+00 -2.43700000e+01 2.85592968e+01 3.50000000e-01
12 1.18300000e+01 -2.34800000e+01 -3.07442101e-01 8.98878960e+02
13 1.24500000e+01 -2.52500000e+01 1.07739130e+00 3.50000000e-01
14 1.27000000e+01 -2.30000000e+01 -2.70723962e-01 8.33646286e+02
15 1.41100000e+01 -2.06700000e+01 -1.67551333e-02 3.50000000e-01
16 3.00000000e+00 -1.76300000e+01 4.33121333e+00 3.34951032e-01
17 -2.10000000e-01 -2.11500000e+01 -9.86394801e-01 -9.88075191e+01
18 -2.27000000e+00 -2.47600000e+01 -4.14895226e+01 5.67170606e-01
19 -3.77000000e+00 -2.57700000e+01 3.06397181e+00 -3.50516605e+02
20 -4.35000000e+00 -2.34100000e+01 2.46302000e+02 2.90000000e-01
21 -5.61000000e+00 -2.66400000e+01 -1.85409984e-01 -4.35214828e+02
22 -4.53000000e+00 -2.78800000e+01 -1.79973461e+01 2.90000000e-01
23 -7.50000000e-01 5.22000000e+00 4.46726472e+00 5.68726223e-02
24 3.40000000e-01 8.42000000e+00 -8.51535963e+00 4.45137324e+00
25 2.18000000e+00 1.16100000e+01 -1.45200079e+01 -6.74680933e+00
26 2.17000000e+00 1.28500000e+01 5.02430096e+01 3.74448959e+00
27 -5.10000000e-01 1.47200000e+01 -2.92559328e+02 2.52965236e+00
28 -6.00000000e-01 1.60400000e+01 1.06330223e+03 4.41538300e+00
29 6.60000000e-01 1.90900000e+01 6.54906946e+03 -3.09919139e+00
30 -7.30000000e-01 2.13900000e+01 3.09434573e+04 -4.52706105e+00
31 2.70000000e-01 2.22100000e+01 -6.11165007e+05 1.12449327e+00
32 3.65000000e+00 2.35900000e+01 -1.29682903e+05 -1.11173981e+02
33 3.04000000e+00 2.62700000e+01 4.75749190e+06 7.16086344e-01
34 1.74000000e+00 2.72500000e+01 1.31538198e+06 -9.85581915e+01
35 7.30000000e-01 2.62800000e+01 -1.47098864e+08 2.35000000e-01
36 1.40000000e-01 2.88000000e+01 -1.61204237e+08 2.35000000e-01
37 -2.92000000e+00 2.31500000e+01 -4.82932747e+03 1.48325474e+02
38 -4.11000000e+00 2.47900000e+01 1.74015257e+05 6.88004413e-01
39 -3.29000000e+00 2.76200000e+01 -2.39601467e+04 2.00593631e+02
40 -3.35000000e+00 2.84500000e+01 1.43303500e+06 4.75684525e-01
41 -5.73000000e+00 2.94400000e+01 -6.01934011e+04 7.00880957e+02
42 -6.13000000e+00 2.68600000e+01 6.87999997e+06 2.35000000e-01
43 3.61000000e+00 1.51400000e+01 1.30784424e+00 -3.99501248e+02
44 6.29000000e+00 1.21800000e+01 -1.30168816e+02 1.75000000e-01
45 5.75000000e+00 1.86600000e+01 9.16955558e+00 -2.82855830e+00
46 3.36000000e+00 2.10600000e+01 -1.16207345e+01 1.76755805e+01
47 -2.30000000e-01 2.17200000e+01 8.44490874e+02 2.90000000e-01
48 3.25000000e+00 2.37800000e+01 -9.40900420e-01 -4.84929594e+02
49 5.82000000e+00 2.46100000e+01 4.76053770e+01 2.90000000e-01
50 3.54000000e+00 2.55300000e+01 -1.96309785e+00 -1.04148276e+01
51 1.20000000e-01 2.58700000e+01 1.54087384e+02 2.90000000e-01
52 5.03000000e+00 2.06800000e+01 1.36821536e+00 -1.17564360e+02
53 7.25000000e+00 2.07500000e+01 -2.73616031e+01 1.27173865e+00
54 9.11000000e+00 2.37700000e+01 -3.37053829e+00 -2.20572654e+02
55 9.26000000e+00 2.50100000e+01 6.86568857e+01 1.04858199e+00
56 7.47000000e+00 2.59600000e+01 6.45069153e+00 -2.55636442e+02
57 7.14000000e+00 2.82500000e+01 -2.52416450e+02 7.88136616e-01
58 5.12000000e+00 3.10800000e+01 -2.50354033e+01 -3.19449715e+02
59 4.35000000e+00 3.39200000e+01 1.80010037e+03 4.61554754e-01
60 3.90000000e+00 3.78600000e+01 1.04006999e+02 -6.51736489e+02
61 3.87000000e+00 3.95900000e+01 -1.76227110e+04 2.35000000e-01
62 7.51000000e+00 2.40700000e+01 1.97644158e-02 -4.12312715e+02
63 1.05800000e+01 2.27900000e+01 -3.59523519e+00 5.84461363e-01
64 1.28700000e+01 2.54200000e+01 -1.01441396e-01 -9.36170446e+02
65 1.49700000e+01 2.83700000e+01 6.18935987e+00 4.53541681e-01
66 1.24600000e+01 3.34800000e+01 2.57896696e-01 -1.90883862e+03
67 1.29700000e+01 3.45900000e+01 -1.56623265e+01 2.35000000e-01
68 -3.97000000e+00 -1.55000000e+00 -2.58635073e-01 -2.74933857e+01
69 -3.81000000e+00 -3.68000000e+00 1.15076235e-02 5.04646919e-01
70 -5.37000000e+00 -5.12000000e+00 -7.32871255e-01 -1.01964451e+02
71 -5.15000000e+00 -8.07000000e+00 -1.63634398e+00 4.06899584e-01
72 -4.95000000e+00 -1.10200000e+01 -5.37795792e-01 -2.35226812e+02
73 -5.28000000e+00 -1.33600000e+01 1.45802962e+00 2.99661244e-01
74 -4.21000000e+00 -1.67500000e+01 -7.60069604e-01 -5.65673000e+02
75 -5.22000000e+00 -1.89700000e+01 -7.02011654e+00 1.75000000e-01
