0 0.00000000e+00 0.00000000e+00 -3.32824863e+00 9.58713602e-01
1 -9.10000000e-01 5.90000000e-01 -1.82870804e+00 1.17044709e+00
2 -1.08000000e+00 1.38000000e+00 -2.66483399e+00 2.22299421e+00
3 -1.24000000e+00 2.16000000e+00 -3.67769429e-01 1.55450319e+00
4 -1.40000000e+00 2.91000000e+00 -1.81423296e+00 3.86343071e+00
5 -1.57000000e+00 3.70000000e+00 9.06162092e-01 1.72710560e+00
6 -9.80000000e-01 4.65000000e+00 -2.91793969e+00 3.71361683e+00
7 -1.14000000e+00 5.43000000e+00 5.39884551e+00 1.92624084e+00
8 -5.10000000e-01 6.35000000e+00 -1.91078231e+01 2.27065437e+00
9 -6.80000000e-01 7.15000000e+00 4.63658198e+01 2.74587751e+00
10 -8.50000000e-01 7.93000000e+00 -1.25456500e+02 3.00127678e+00
11 -2.30000000e-01 8.88000000e+00 1.35544653e+03 8.16542983e-01
12 -4.00000000e-01 9.64000000e+00 -1.07382614e+03 1.21816000e+01
13 -5.60000000e-01 1.04300000e+01 2.23864133e+04 5.00000000e-01
14 0.00000000e+00 1.13700000e+01 -2.42116161e+04 1.05133324e+01
15 6.20000000e-01 1.22900000e+01 -3.91023405e+05 -7.60965450e-01
16 4.60000000e-01 1.30700000e+01 1.07188188e+06 4.76793397e+00
17 -4.70000000e-01 1.37000000e+01 -9.73345699e+06 1.50869251e+00
18 -1.39000000e+00 1.43300000e+01 7.06335498e+06 1.97470486e+01
19 -6.40000000e-01 1.44900000e+01 -1.97363862e+08 5.18575300e-01
20 -2.00000000e-02 1.54100000e+01 1.83304650e+08 1.65919254e+01
21 5.80000000e-01 1.63600000e+01 5.08573237e+09 -5.89662191e-01
22 4.20000000e-01 1.71400000e+01 -1.31945959e+10 6.60645112e+00
23 2.60000000e-01 1.78900000e+01 -3.09892903e+11 -7.61719026e-01
24 9.00000000e-02 1.86900000e+01 4.34441969e+12 1.33318113e+00
25 -8.50000000e-01 1.93100000e+01 -4.25845708e+12 1.96997980e+01
26 -1.02000000e+00 2.00900000e+01 8.01583487e+13 1.06729248e+00
27 -1.96000000e+00 2.06800000e+01 -2.32006267e+13 7.14495635e+01
28 -2.13000000e+00 2.14700000e+01 7.72804854e+14 6.44557877e-01
29 -1.51000000e+00 2.24200000e+01 -7.39834628e+13 2.34191320e+02
30 -7.20000000e-01 2.25900000e+01 2.40129071e+16 6.95995041e-02
31 4.00000000e-02 2.27400000e+01 -2.58379178e+17 2.11338046e+00
32 9.60000000e-01 2.21200000e+01 -4.34233248e+17 -1.31619295e+01
33 1.75000000e+00 2.22900000e+01 3.38997945e+18 2.85519698e+00
34 2.37000000e+00 2.32400000e+01 3.36880564e+18 -2.33860694e+01
35 3.15000000e+00 2.34100000e+01 -2.55452461e+19 3.08721786e+00
36 3.75000000e+00 2.43300000e+01 -1.76242979e+19 -3.52647148e+01
37 4.39000000e+00 2.52800000e+01 1.43582685e+20 3.10303607e+00
38 4.99000000e+00 2.62400000e+01 7.48999815e+19 -5.03018769e+01
39 5.75000000e+00 2.64000000e+01 -6.61749503e+20 2.98807858e+00
40 6.37000000e+00 2.73500000e+01 -2.58474845e+20 -7.00217034e+01
41 6.21000000e+00 2.81100000e+01 2.93527960e+21 2.47531032e+00
42 6.04000000e+00 2.89000000e+01 9.59948358e+20 -8.83689001e+01
43 5.87000000e+00 2.96800000e+01 -1.45331439e+22 1.96043385e+00
44 5.70000000e+00 3.04600000e+01 -3.72363076e+21 -1.18883851e+02
45 5.54000000e+00 3.12200000e+01 8.02421261e+22 1.44876211e+00
46 6.17000000e+00 3.21800000e+01 1.23388475e+22 -2.09273323e+02
47 6.00000000e+00 3.29600000e+01 -4.31393507e+23 9.42731886e-01
48 5.84000000e+00 3.37100000e+01 -3.27040515e+22 -4.44662800e+02
49 6.42000000e+00 3.46700000e+01 2.26769893e+24 5.00000000e-01
50 -8.00000000e-01 1.52400000e+01 -1.20448493e+07 8.93706058e+00
51 -1.72000000e+00 1.58700000e+01 5.90832067e+07 3.23529738e+00
52 -2.67000000e+00 1.64900000e+01 -6.05281439e+07 1.60963485e+01
53 -2.83000000e+00 1.72400000e+01 3.33575271e+08 3.12824504e+00
54 -3.79000000e+00 1.78600000e+01 -2.31323893e+08 2.57546001e+01
55 -4.72000000e+00 1.84800000e+01 1.23771025e+09 3.45384998e+00
56 -4.89000000e+00 1.92700000e+01 -7.47650391e+08 3.19008415e+01
57 -5.05000000e+00 2.00200000e+01 4.64888147e+09 3.21969078e+00
58 -5.22000000e+00 2.08100000e+01 -2.42213028e+09 3.99413789e+01
59 -5.39000000e+00 2.15900000e+01 1.77239626e+10 2.95045719e+00
60 -5.55000000e+00 2.23600000e+01 -7.82555163e+09 5.06427945e+01
61 -5.72000000e+00 2.31400000e+01 6.86005292e+10 2.63967737e+00
62 -5.12000000e+00 2.40900000e+01 -2.86685547e+10 5.76445784e+01
63 -5.29000000e+00 2.48800000e+01 3.09688558e+11 2.30319662e+00
64 -4.65000000e+00 2.58000000e+01 -1.20092336e+11 6.65318459e+01
65 -5.61000000e+00 2.64200000e+01 1.41353273e+12 2.24461694e+00
66 -5.78000000e+00 2.72000000e+01 -4.26656254e+11 9.01149108e+01
67 -6.71000000e+00 2.78200000e+01 5.69817618e+12 2.08304844e+00
68 -7.48000000e+00 2.76600000e+01 -1.20594771e+12 1.30695180e+02
69 -8.27000000e+00 2.74900000e+01 1.89853179e+13 1.74616526e+00
70 -9.21000000e+00 2.80800000e+01 -2.56882125e+12 2.07530099e+02
71 -1.01500000e+01 2.87100000e+01 5.23963859e+13 1.40755620e+00
72 -1.03100000e+01 2.94900000e+01 -4.61228566e+12 3.35011648e+02
73 -1.12500000e+01 3.00800000e+01 1.37143402e+14 1.01162396e+00
74 -1.14100000e+01 3.08700000e+01 -6.14950494e+12 6.88448400e+02
75 -1.08100000e+01 3.18200000e+01 3.91354494e+14 5.00000000e-01
