0 -5.30000000e-01 1.08000000e+00 -1.86201938e+29 1.22521410e+01
1 -5.30000000e-01 8.45000000e+00 2.13617537e+29 7.36553000e+00
2 -5.30000000e-01 -6.27000000e+00 -1.58506740e+29 7.36553000e+00
3 6.36000000e+00 3.98000000e+00 9.08755306e+28 8.15493135e+00
4 8.77000000e+00 7.04000000e+00 7.19640047e+28 -8.89005188e+00
5 1.18100000e+01 7.65000000e+00 -6.15444692e+28 8.94515207e+00
6 1.30200000e+01 9.48000000e+00 -3.65634277e+28 -1.59569713e+01
7 1.24200000e+01 1.00900000e+01 5.05381091e+28 7.29993646e+00
8 1.66600000e+01 8.86000000e+00 3.73563784e+27 -1.19863773e+02
9 2.09000000e+01 1.07100000e+01 -2.15324262e+28 1.85806657e+00
10 2.45300000e+01 1.07100000e+01 -1.09994144e+27 -2.09658694e+02
11 3.05900000e+01 1.25400000e+01 7.56056716e+27 1.82436917e+00
12 3.42200000e+01 1.37600000e+01 2.69407436e+26 -3.86156394e+02
13 3.48300000e+01 1.37600000e+01 -2.99157036e+27 1.23916401e+00
14 3.48300000e+01 1.43800000e+01 -5.44687412e+25 -7.89788433e+02
15 3.72600000e+01 1.31500000e+01 5.78210872e+26 1.23875904e+00
16 3.84700000e+01 1.37600000e+01 9.52550999e+24 -8.35249935e+02
17 3.96800000e+01 1.31500000e+01 -2.00581826e+26 6.24485570e-01
18 4.02900000e+01 1.37600000e+01 -1.59054354e+24 -1.73525959e+03
19 3.84700000e+01 1.37600000e+01 7.17569807e+25 3.05000000e-01
20 3.90700000e+01 1.56000000e+01 5.50488821e+26 1.54355970e+00
21 4.21000000e+01 1.49900000e+01 1.61950896e+25 -5.09526507e+02
22 4.33100000e+01 1.56000000e+01 -1.90643430e+26 1.32521429e+00
23 4.27100000e+01 1.56000000e+01 -4.55390194e+24 -6.53074560e+02
24 4.63400000e+01 1.49900000e+01 2.65183073e+25 2.57418354e+00
25 4.87700000e+01 1.62100000e+01 1.23385086e+24 -3.48390374e+02
26 5.18000000e+01 1.74400000e+01 -8.30575455e+24 2.59077713e+00
27 5.42200000e+01 1.56000000e+01 -3.50149462e+23 -3.70041326e+02
28 5.84600000e+01 1.62100000e+01 2.21821017e+24 2.55878494e+00
29 6.14900000e+01 1.68200000e+01 8.13037676e+22 -4.58899952e+02
30 6.39100000e+01 1.68200000e+01 -5.84182330e+23 2.34092902e+00
31 6.87600000e+01 1.62100000e+01 -1.72971751e+22 -5.47464861e+02
32 7.23900000e+01 1.62100000e+01 1.30886465e+23 2.14221698e+00
33 7.35900000e+01 1.56000000e+01 3.26765643e+21 -6.24860324e+02
34 7.72300000e+01 1.74400000e+01 -2.64511911e+22 2.15445603e+00
35 8.08700000e+01 1.86600000e+01 -6.04925372e+20 -8.15934079e+02
36 8.45100000e+01 2.04900000e+01 5.84266630e+21 2.12144939e+00
37 8.57200000e+01 2.11100000e+01 1.23809002e+20 -9.96201274e+02
38 8.87500000e+01 2.41600000e+01 -1.39015715e+21 2.15171751e+00
39 9.29900000e+01 2.41600000e+01 -2.76075659e+19 -1.21655770e+03
40 9.90500000e+01 2.60000000e+01 3.39168270e+20 2.11634395e+00
41 1.02680000e+02 2.60000000e+01 5.98315536e+18 -1.47386696e+03
42 1.05710000e+02 2.66100000e+01 -8.34377057e+19 1.90815127e+00
43 1.09350000e+02 2.60000000e+01 -1.22325801e+18 -1.77344462e+03
44 1.13280000e+02 2.87500000e+01 1.91538969e+19 1.83611033e+00
45 1.18740000e+02 2.93600000e+01 2.46982730e+17 -2.27691391e+03
46 1.21760000e+02 2.99800000e+01 -4.61919960e+18 1.60299248e+00
47 1.26610000e+02 3.18100000e+01 -4.73555514e+16 -3.10284085e+03
48 1.28430000e+02 3.18100000e+01 1.14421228e+18 1.31652152e+00
49 1.29030000e+02 3.12000000e+01 8.96997091e+15 -3.97988170e+03
50 1.33270000e+02 3.42600000e+01 -2.67893441e+17 1.14713971e+00
51 1.36300000e+02 3.42600000e+01 -1.65519959e+15 -5.54496832e+03
52 1.41150000e+02 3.36500000e+01 6.50268092e+16 8.56530819e-01
53 1.46000000e+02 3.48600000e+01 2.45645817e+14 -9.22806093e+03
54 1.50840000e+02 3.73200000e+01 -1.50285700e+16 6.10004940e-01
55 1.51440000e+02 3.79300000e+01 -3.02680142e+13 -1.88328727e+04
56 1.51440000e+02 3.79300000e+01 3.76415009e+15 3.05000000e-01
57 4.60400000e+01 1.71300000e+01 3.79358836e+25 2.05632063e+00
58 5.14900000e+01 1.95700000e+01 1.29030677e+24 -5.75371113e+02
59 5.87600000e+01 2.56900000e+01 -1.26412319e+25 2.62221129e+00
60 6.30000000e+01 2.81400000e+01 -4.64958813e+23 -7.65066185e+02
61 6.78400000e+01 3.05900000e+01 5.24566742e+24 2.71139761e+00
62 7.08800000e+01 3.36500000e+01 1.78092008e+23 -9.91154576e+02
63 7.27000000e+01 3.36500000e+01 -2.42876240e+24 2.46742788e+00
64 7.81500000e+01 3.91500000e+01 -6.72043959e+22 -1.41487840e+03
65 8.23900000e+01 4.09900000e+01 1.15434574e+24 2.38638052e+00
66 8.42100000e+01 4.09900000e+01 2.85314421e+22 -1.65840310e+03
67 8.72300000e+01 4.34400000e+01 -5.42535068e+23 2.28447140e+00
68 8.90500000e+01 4.28200000e+01 -1.20598837e+22 -1.92633296e+03
69 9.26900000e+01 4.46600000e+01 2.50674613e+23 2.14857979e+00
70 9.32900000e+01 4.64900000e+01 4.95378552e+21 -2.35251662e+03
71 9.87400000e+01 4.83300000e+01 -1.18041054e+23 2.02824735e+00
72 1.02980000e+02 5.01600000e+01 -1.97527610e+21 -2.99752488e+03
73 1.04800000e+02 5.01600000e+01 5.65032607e+22 1.75352445e+00
74 1.10860000e+02 5.32200000e+01 7.38285717e+20 -4.07308913e+03
75 1.13890000e+02 5.38300000e+01 -2.64055555e+22 1.50505905e+00
76 1.17520000e+02 5.50600000e+01 -2.69641131e+20 -5.39194401e+03
77 1.19950000e+02 5.50600000e+01 1.21214850e+22 1.22480379e+00
78 1.22980000e+02 5.44500000e+01 9.06601705e+19 -7.28009724e+03
79 1.26610000e+02 5.32200000e+01 -5.21319413e+21 9.25523615e-01
80 1.30250000e+02 5.26100000e+01 -2.48361617e+19 -1.10430165e+04
81 1.32660000e+02 5.07800000e+01 2.06749373e+21 6.10004410e-01
82 1.31460000e+02 4.89400000e+01 4.79685612e+18 -2.10936373e+04
83 1.31460000e+02 4.89400000e+01 -7.69698815e+20 3.05000000e-01
84 1.27200000e+01 1.10100000e+01 1.93033134e+28 -2.88253404e+01
85 1.33300000e+01 1.28500000e+01 -4.26183861e+28 5.82020111e+00
86 1.27200000e+01 1.28500000e+01 -1.74735420e+28 -3.13414568e+01
87 1.33300000e+01 1.28500000e+01 4.18768007e+28 5.36179963e+00
88 1.45400000e+01 1.83500000e+01 1.06188936e+28 -7.23652882e+01
89 1.63600000e+01 2.38600000e+01 -4.73633083e+28 5.34943207e+00
90 1.63600000e+01 2.93600000e+01 -1.37354523e+28 -1.01240695e+02
91 1.69600000e+01 3.36500000e+01 8.24821156e+28 5.60361437e+00
92 1.63600000e+01 3.85400000e+01 2.52014846e+28 -1.26137836e+02
93 1.63600000e+01 3.85400000e+01 -1.95238853e+29 4.97475376e+00
94 1.93900000e+01 4.28200000e+01 -1.63077820e+28 -5.12646521e+02
95 1.93900000e+01 4.52700000e+01 4.31413180e+29 1.71124417e+00
96 2.24100000e+01 5.01600000e+01 2.70714979e+28 -7.99353074e+02
97 2.18100000e+01 5.32200000e+01 -9.92569551e+29 1.45153065e+00
98 2.48400000e+01 5.62800000e+01 -4.58136638e+28 -1.21932650e+03
99 2.72600000e+01 6.11800000e+01 2.04973542e+30 1.36743500e+00
100 2.72600000e+01 6.66800000e+01 7.98866708e+28 -1.71087813e+03
101 2.72600000e+01 7.03400000e+01 -5.01470004e+30 1.12055126e+00
102 2.72600000e+01 7.40200000e+01 -1.50027326e+29 -2.47413659e+03
103 2.84700000e+01 7.70800000e+01 1.30394751e+31 8.86853669e-01
104 2.78700000e+01 8.13600000e+01 2.72230585e+29 -3.89703343e+03
105 2.84700000e+01 8.32000000e+01 -3.72664110e+31 6.07774778e-01
106 3.09000000e+01 8.25900000e+01 -3.65156289e+29 -8.42880975e+03
107 3.09000000e+01 8.32000000e+01 9.96098466e+31 3.05000000e-01
108 1.57500000e+01 4.16000000e+01 -3.40912901e+28 -2.38240801e+02
109 1.27200000e+01 4.52700000e+01 6.39334444e+29 2.41393643e+00
110 1.09000000e+01 4.89400000e+01 1.23698688e+29 -2.52945510e+02
111 1.03000000e+01 5.32200000e+01 -3.04143260e+30 2.16452082e+00
112 8.48000000e+00 5.62800000e+01 -6.66934815e+29 -2.56654508e+02
113 7.88000000e+00 5.62800000e+01 2.17481271e+31 1.72589994e+00
114 8.48000000e+00 5.81200000e+01 3.64409347e+30 -3.46862988e+02
115 7.88000000e+00 6.11800000e+01 -1.60547284e+32 1.38866029e+00
116 5.45000000e+00 6.60600000e+01 -3.19227003e+31 -3.32232345e+02
117 5.45000000e+00 7.15800000e+01 1.94779633e+33 1.17313440e+00
118 3.63000000e+00 7.76900000e+01 4.65826173e+32 -3.24851427e+02
119 2.42000000e+00 8.19800000e+01 -6.25894107e+34 6.10142023e-01
120 2.42000000e+00 8.25900000e+01 -7.89200802e+33 -6.54999262e+02
121 2.42000000e+00 8.25900000e+01 2.13705227e+36 3.05000000e-01
122 1.15100000e+01 1.46800000e+01 3.89234037e+27 -1.57938766e+02
123 9.09000000e+00 1.71300000e+01 -6.77600218e+28 9.83998953e-01
124 7.88000000e+00 1.89600000e+01 -5.83870354e+27 -2.20036864e+02
125 6.66000000e+00 2.01900000e+01 1.93169793e+29 6.10258068e-01
126 5.45000000e+00 2.01900000e+01 1.08195665e+28 -3.60467131e+02
127 5.45000000e+00 2.01900000e+01 -7.16219831e+29 3.05000000e-01
128 6.66000000e+00 1.22000000e+00 3.42327989e+29 -1.03060850e+03
129 1.03000000e+01 1.84000000e+00 -7.86492662e+28 1.83352303e-02
130 1.27200000e+01 1.22000000e+00 -3.07842943e+28 5.15276473e+00
131 1.39300000e+01 1.22000000e+00 1.08991815e+28 -5.09161112e+00
132 1.81700000e+01 -1.22000000e+00 1.08756831e+28 2.31069895e+00
133 2.18100000e+01 -2.45000000e+00 6.30100730e+24 4.85459716e+01
134 2.60500000e+01 -3.67000000e+00 1.02256427e+27 2.01967968e+00
135 2.96800000e+01 -4.88000000e+00 -2.00649154e+25 1.02382470e+02
136 3.02900000e+01 -4.88000000e+00 1.65145359e+26 1.45233714e+00
137 3.15000000e+01 -5.51000000e+00 -6.28030886e+24 2.04835822e+02
138 3.57400000e+01 -7.34000000e+00 -1.51043892e+25 3.05192526e+00
139 3.81500000e+01 -8.56000000e+00 -9.68789294e+23 1.33458919e+02
140 3.87700000e+01 -9.78000000e+00 -3.31976926e+24 2.85404152e+00
141 4.05900000e+01 -9.78000000e+00 -1.83944294e+23 1.76506390e+02
142 4.24100000e+01 -9.78000000e+00 -7.62934616e+23 2.35796772e+00
143 4.66500000e+01 -1.10100000e+01 -2.86688050e+22 2.92998265e+02
144 4.90700000e+01 -1.16200000e+01 -1.70828724e+23 1.95009075e+00
145 5.27000000e+01 -1.28500000e+01 -4.36015438e+21 5.03456738e+02
146 5.51300000e+01 -1.40700000e+01 -3.97698388e+22 1.54256024e+00
147 5.57300000e+01 -1.40700000e+01 -6.69058312e+20 8.36342097e+02
148 5.69400000e+01 -1.59100000e+01 -9.80175653e+21 1.08600104e+00
149 5.81600000e+01 -1.65200000e+01 -1.31622799e+20 1.23022014e+03
150 5.99700000e+01 -1.71300000e+01 -2.69943093e+21 8.35249580e-01
151 6.05800000e+01 -1.83500000e+01 -2.36277999e+19 2.09645239e+03
152 6.24000000e+01 -2.01900000e+01 -7.93707550e+20 6.01034071e-01
153 6.24000000e+01 -2.01900000e+01 -3.76545636e+18 4.25578041e+03
154 6.24000000e+01 -2.08000000e+01 -2.56791778e+20 3.05000000e-01
155 5.81600000e+01 -1.46800000e+01 -1.79648276e+19 5.46722531e+02
156 6.11900000e+01 -1.59100000e+01 -1.60335141e+20 1.78264356e+00
157 6.24000000e+01 -1.65200000e+01 -3.02592383e+18 8.75348054e+02
158 6.36100000e+01 -1.89600000e+01 -4.15467185e+19 1.38089163e+00
159 6.66400000e+01 -2.14100000e+01 -6.70764806e+17 1.32612092e+03
160 7.02700000e+01 -2.44700000e+01 -1.26556234e+19 1.29694241e+00
161 7.33000000e+01 -2.63100000e+01 -1.71263979e+17 1.94418847e+03
162 7.39100000e+01 -2.63100000e+01 -4.50435959e+18 1.00035426e+00
163 7.81500000e+01 -3.30400000e+01 -4.00783827e+16 3.71332451e+03
164 8.29900000e+01 -3.91500000e+01 -1.79312950e+18 8.75044824e-01
165 8.66300000e+01 -4.52700000e+01 -1.17991941e+16 6.87970478e+03
166 8.78400000e+01 -4.77200000e+01 -9.24082121e+17 6.09315483e-01
167 8.72300000e+01 -5.26100000e+01 -3.22380485e+15 1.50803050e+04
168 8.84500000e+01 -5.20000000e+01 -5.49632302e+17 3.05000000e-01
169 6.60300000e+01 -1.65200000e+01 -6.23821154e+16 8.01323606e+02
170 7.02700000e+01 -1.83500000e+01 -7.11103388e+17 1.60976847e+00
171 7.51200000e+01 -1.77300000e+01 -1.23512418e+16 1.02077696e+03
172 7.87500000e+01 -1.71300000e+01 -1.60052012e+17 1.32192510e+00
173 8.48100000e+01 -1.71300000e+01 -1.91912402e+15 1.42861584e+03
174 8.96600000e+01 -1.71300000e+01 -3.05722243e+16 1.07530921e+00
175 9.32900000e+01 -1.71300000e+01 -2.52439340e+14 2.07456652e+03
176 9.81400000e+01 -1.89600000e+01 -5.33549224e+15 8.97058729e-01
177 1.01170000e+02 -1.89600000e+01 -3.12239276e+13 3.23985292e+03
178 1.06010000e+02 -1.83500000e+01 -9.54168566e+14 6.00479928e-01
179 1.06620000e+02 -1.89600000e+01 -2.64432245e+12 6.84146369e+03
180 1.06620000e+02 -1.95700000e+01 -1.69670132e+14 3.05000000e-01
181 3.33200000e+01 -3.67000000e+00 4.36248915e+25 1.03390142e+00
182 3.87700000e+01 -3.06000000e+00 -9.37692170e+23 1.62760282e+02
183 4.05900000e+01 -3.06000000e+00 3.29584046e+24 7.64551317e-01
184 4.18000000e+01 -2.45000000e+00 -9.26930474e+22 2.22847800e+02
185 4.66500000e+01 -3.06000000e+00 6.11472941e+23 6.42203569e+01
186 5.02800000e+01 -2.45000000e+00 -9.35043699e+21 1.92733024e+00
187 5.39200000e+01 -2.45000000e+00 2.78368062e+22 8.14285507e+01
188 5.63400000e+01 -1.22000000e+00 -5.57309132e+20 8.47285398e-01
189 6.17900000e+01 -2.45000000e+00 5.52369037e+20 2.79162044e+02
190 6.66400000e+01 -2.45000000e+00 -2.30174059e+19 5.85489963e-01
191 6.96700000e+01 -2.45000000e+00 1.95252541e+19 6.08547623e+02
192 7.57200000e+01 -2.45000000e+00 -8.23399987e+17 3.05000000e-01
193 7.93600000e+01 0.00000000e+00 6.05947700e+17 3.05000000e-01
194 8.60200000e+01 0.00000000e+00 -2.14850091e+15 8.81122636e-01
195 9.02600000e+01 1.22000000e+00 7.26005737e+12 -1.91135000e+02
196 9.57200000e+01 6.10000000e-01 2.73606017e+13 3.05000000e-01
197 1.04200000e+02 0.00000000e+00 -1.22587510e+11 3.05000000e-01
198 1.08440000e+02 0.00000000e+00 3.44791502e+08 2.25665000e+02
199 1.12680000e+02 -6.10000000e-01 -9.33274847e+05 3.05000000e-01
200 1.13890000e+02 0.00000000e+00 1.84921822e+06 -2.24750715e+02
201 1.19340000e+02 1.84000000e+00 -4.72610405e+03 9.75694395e-01
202 1.26310000e+02 5.20000000e+00 -2.69268174e+04 -9.79301460e+02
203 1.29340000e+02 8.26000000e+00 2.53457402e+02 1.09058938e+00
204 1.31760000e+02 7.65000000e+00 1.68738151e+03 -1.28306725e+03
205 1.36610000e+02 1.07100000e+01 -1.80273075e+01 1.14003798e+00
206 1.39630000e+02 1.13200000e+01 -1.29477602e+02 -1.89286193e+03
207 1.42060000e+02 1.19300000e+01 1.62360826e+00 8.95206742e-01
208 1.45690000e+02 1.19300000e+01 1.05073278e+01 -2.94486928e+03
209 1.46900000e+02 1.25400000e+01 -2.48770467e-01 6.25472664e-01
210 1.46900000e+02 1.37600000e+01 -9.91531764e-01 -6.30738352e+03
211 1.46300000e+02 1.31500000e+01 -7.00239316e-02 3.05000000e-01
212 4.39200000e+01 -1.53000000e+00 -4.64984795e+23 3.05000000e-01
213 4.48300000e+01 0.00000000e+00 -3.84451573e+05 6.94122072e-01
214 4.90700000e+01 1.84000000e+00 2.38991848e+03 -2.32032070e+02
215 5.27000000e+01 4.88000000e+00 1.34094381e+04 1.10690902e+00
216 5.75500000e+01 7.95000000e+00 -2.73453707e+02 -5.70541652e+02
217 6.30000000e+01 1.16200000e+01 -1.69061793e+03 1.28241095e+00
218 6.84500000e+01 1.28500000e+01 5.40733461e+01 -8.99910622e+02
219 7.14800000e+01 1.46800000e+01 3.03802435e+02 1.16563896e+00
220 7.51200000e+01 1.71300000e+01 -1.17061563e+01 -1.49517470e+03
221 7.99500000e+01 1.95700000e+01 -6.50178279e+01 1.04623386e+00
222 8.42100000e+01 2.14100000e+01 2.98432391e+00 -2.43234451e+03
223 8.72300000e+01 2.32500000e+01 1.59422386e+01 8.33699016e-01
224 9.14700000e+01 2.50800000e+01 -8.18715577e-01 -4.33908051e+03
225 9.51100000e+01 2.75300000e+01 -4.21271829e+00 6.03398405e-01
226 9.87400000e+01 2.75300000e+01 2.28723100e-01 -9.10967402e+03
227 9.87400000e+01 2.81400000e+01 1.15977693e+00 3.05000000e-01
228 1.81700000e+01 2.45000000e+00 -9.89743186e+27 2.69797208e+00
229 2.12000000e+01 3.67000000e+00 -6.94674634e+26 -5.22886156e+01
230 2.48400000e+01 5.51000000e+00 1.49614055e+27 2.55835405e+00
231 2.42300000e+01 5.51000000e+00 8.32574151e+25 -9.90150176e+01
232 2.72600000e+01 4.28000000e+00 1.13917857e+25 -3.12805864e+01
233 2.72600000e+01 4.28000000e+00 -1.33247897e+25 3.65910786e+00
234 2.90800000e+01 3.67000000e+00 -7.27919970e+23 -6.71804322e+01
235 3.09000000e+01 3.67000000e+00 1.58977326e+24 1.68040711e+00
236 3.09000000e+01 2.45000000e+00 7.07632830e+22 -5.50418851e+01
237 3.33200000e+01 1.22000000e+00 -1.17542836e+23 7.34465905e-01
238 3.63500000e+01 1.22000000e+00 -1.38873839e+21 -1.03260817e+02
239 3.93800000e+01 1.84000000e+00 3.65225558e+21 6.99643979e-01
240 4.36200000e+01 1.22000000e+00 3.30431150e+19 -1.34846603e+02
241 4.48300000e+01 1.84000000e+00 -9.96169967e+19 6.10330903e-01
242 4.66500000e+01 1.84000000e+00 -6.52007452e+17 -2.81124508e+02
243 4.66500000e+01 1.84000000e+00 3.93342200e+18 3.05000000e-01
244 4.72500000e+01 0.00000000e+00 -6.53984964e+02 1.38300067e+02
245 4.60400000e+01 -1.84000000e+00 5.90215929e+00 6.13888613e-01
246 4.60400000e+01 -3.06000000e+00 -2.44283773e+01 4.56094508e+02
247 4.54300000e+01 -3.06000000e+00 2.29234564e+00 3.05000000e-01
248 4.90700000e+01 0.00000000e+00 3.01782823e+07 9.04895883e-01
249 5.21000000e+01 -6.10000000e-01 -1.76666199e+05 5.29775264e+01
250 5.63400000e+01 -6.10000000e-01 3.27701338e+05 6.52472975e-01
251 5.87600000e+01 -1.22000000e+00 -3.53382266e+03 2.06310146e+02
252 6.05800000e+01 -2.45000000e+00 6.61851269e+03 7.20472295e-01
253 6.17900000e+01 -3.06000000e+00 -1.71541704e+02 4.55090273e+02
254 6.48100000e+01 -4.28000000e+00 3.14531848e+02 6.09929161e-01
255 6.54300000e+01 -6.12000000e+00 -1.14670748e+01 1.31319549e+03
256 6.54300000e+01 -6.12000000e+00 3.06934490e+01 3.05000000e-01
257 2.90800000e+01 4.28000000e+00 -6.71507298e+23 -8.49284885e+01
258 3.27100000e+01 5.51000000e+00 1.74976795e+24 2.11456909e+00
259 3.57400000e+01 4.88000000e+00 8.85933405e+22 -9.63827252e+01
260 4.05900000e+01 4.88000000e+00 -2.11034456e+23 2.04864888e+00
261 4.48300000e+01 7.34000000e+00 -8.20811939e+21 -1.88714714e+02
262 4.90700000e+01 9.18000000e+00 3.16180228e+22 2.38315142e+00
263 5.39200000e+01 1.04000000e+01 1.21860236e+21 -2.69839818e+02
264 5.57300000e+01 1.10100000e+01 -5.90703591e+21 2.27132730e+00
265 6.17900000e+01 1.04000000e+01 -1.87978087e+20 -3.26810292e+02
266 6.84500000e+01 9.78000000e+00 8.98327345e+20 2.04649864e+00
267 7.20900000e+01 9.18000000e+00 2.17011493e+19 -3.80009599e+02
268 7.93600000e+01 8.56000000e+00 -1.03997781e+20 1.78620963e+00
269 8.54200000e+01 7.34000000e+00 -1.80335419e+18 -4.23291063e+02
270 9.26900000e+01 5.51000000e+00 8.24138239e+18 1.20568141e+00
271 9.87400000e+01 4.88000000e+00 7.51758146e+16 -5.34985172e+02
272 1.03590000e+02 4.88000000e+00 -3.88462928e+17 9.44383489e-01
273 1.07230000e+02 4.88000000e+00 -2.31629938e+15 -8.18417130e+02
274 1.10860000e+02 3.67000000e+00 1.71063103e+16 4.96940519e-01
275 1.13280000e+02 4.28000000e+00 2.89847641e+13 -2.52598254e+03
276 1.14490000e+02 6.73000000e+00 -6.39565450e+14 3.05000000e-01
277 2.54400000e+01 6.12000000e+00 -3.40212892e+26 1.49769569e+00
278 2.60500000e+01 6.73000000e+00 -1.16586019e+25 -1.96389994e+02
279 2.96800000e+01 9.18000000e+00 6.37321013e+25 1.67931017e+00
280 2.96800000e+01 1.22400000e+01 2.95106722e+24 -2.64338581e+02
281 3.45300000e+01 1.59100000e+01 -2.26174629e+25 2.07589505e+00
282 3.63500000e+01 2.08000000e+01 -1.10187492e+24 -4.26947943e+02
283 3.75600000e+01 2.63100000e+01 1.25340602e+25 2.31292403e+00
284 3.93800000e+01 3.12000000e+01 6.39091942e+23 -6.11903628e+02
285 4.18000000e+01 3.48600000e+01 -9.36022969e+24 2.38014940e+00
286 4.54300000e+01 3.85400000e+01 -4.27556132e+23 -8.43733081e+02
287 5.02800000e+01 4.34400000e+01 7.17728037e+24 2.58775433e+00
288 5.08900000e+01 4.52700000e+01 3.21948671e+23 -1.00921517e+03
289 5.14900000e+01 4.77200000e+01 -6.31217084e+24 2.43393136e+00
290 5.45200000e+01 5.07800000e+01 -8.89863626e+22 -3.60203548e+03
291 5.69400000e+01 5.50600000e+01 5.62977127e+24 8.70299856e-01
292 5.81600000e+01 5.81200000e+01 5.47198914e+22 -5.97958617e+03
293 6.11900000e+01 5.93400000e+01 -5.34758941e+24 6.07204127e-01
294 6.36100000e+01 6.17900000e+01 -2.54058102e+22 -1.30059835e+04
295 6.42000000e+01 6.17900000e+01 5.14696726e+24 3.05000000e-01
296 5.02800000e+01 5.07800000e+01 -1.70776491e+23 -1.87690960e+03
297 5.21000000e+01 5.99500000e+01 6.15324610e+24 1.66384547e+00
298 5.39200000e+01 6.66800000e+01 1.55068816e+23 -2.64591206e+03
299 5.51300000e+01 7.09500000e+01 -7.44323864e+24 1.47813782e+00
300 5.57300000e+01 7.76900000e+01 -1.56683020e+23 -3.69066928e+03
301 5.72500000e+01 8.41200000e+01 1.01015371e+25 1.30476932e+00
302 5.96700000e+01 9.02300000e+01 1.69250995e+23 -5.38526638e+03
303 6.27000000e+01 9.81900000e+01 -1.45376924e+25 1.14314946e+00
304 6.27000000e+01 1.03080000e+02 -1.94334274e+23 -7.71117363e+03
305 6.33100000e+01 1.10420000e+02 2.36708988e+25 9.06530450e-01
306 6.20900000e+01 1.15930000e+02 2.29324632e+23 -1.19662998e+04
307 6.08800000e+01 1.19600000e+02 -4.50761702e+25 6.08463982e-01
308 6.02800000e+01 1.20210000e+02 -2.26924255e+23 -2.38784806e+04
309 6.02800000e+01 1.20820000e+02 8.98917657e+25 3.05000000e-01
310 2.69600000e+01 7.65000000e+00 1.50266117e+25 5.93535699e+00
311 2.75600000e+01 1.37600000e+01 2.90628464e+24 -7.11445032e+01
312 2.51400000e+01 1.74400000e+01 -8.29452980e+24 6.11072663e+00
313 2.27200000e+01 1.98800000e+01 -2.01000940e+24 -8.20370552e+01
314 2.33200000e+01 2.04900000e+01 7.09726867e+24 5.80294964e+00
315 2.27200000e+01 2.35500000e+01 8.69282829e+23 -1.92274219e+02
316 2.09000000e+01 2.66100000e+01 -8.00984729e+24 2.88789726e+00
317 1.96900000e+01 3.08900000e+01 -1.05071674e+24 -2.35481337e+02
318 1.96900000e+01 3.33400000e+01 1.25822576e+25 2.78415030e+00
319 1.90700000e+01 3.39500000e+01 1.63572667e+24 -2.61148547e+02
320 1.54500000e+01 3.82400000e+01 -2.77862410e+25 2.25112090e+00
321 1.54500000e+01 4.00700000e+01 -3.50002488e+24 -3.18110503e+02
322 1.54500000e+01 4.55800000e+01 7.21334747e+25 2.21161028e+00
323 1.42400000e+01 4.80200000e+01 9.65803542e+24 -3.58649488e+02
324 1.24200000e+01 5.16900000e+01 -2.79130045e+26 1.78849916e+00
325 1.24200000e+01 5.35300000e+01 -3.33405143e+25 -4.48158393e+02
326 1.00000000e+01 5.53600000e+01 1.49520002e+27 1.23443743e+00
327 8.77000000e+00 5.72000000e+01 1.58460076e+26 -5.39728638e+02
328 5.76000000e+00 5.72000000e+01 -1.48565575e+28 6.10095329e-01
329 5.15000000e+00 5.78100000e+01 -8.80129379e+26 -9.75831066e+02
330 5.15000000e+00 5.78100000e+01 1.66820588e+29 3.05000000e-01
331 2.15100000e+01 3.57900000e+01 7.58197285e+22 -7.72129613e+02
332 2.27200000e+01 3.57900000e+01 -2.57771931e+24 1.05270891e+00
333 2.45300000e+01 3.51800000e+01 -7.85725110e+22 -1.15414620e+03
334 2.69600000e+01 3.76100000e+01 3.36454487e+24 8.78309623e-01
335 2.87800000e+01 3.88500000e+01 6.70231394e+22 -1.95026030e+03
336 2.93800000e+01 4.00700000e+01 -4.44972806e+24 6.03546365e-01
337 3.12000000e+01 4.12900000e+01 -4.25785301e+22 -4.31506844e+03
338 3.21100000e+01 4.09900000e+01 5.72227524e+24 3.05000000e-01
339 2.42300000e+01 2.26400000e+01 7.95308290e+23 -2.02037581e+02
340 2.24100000e+01 2.50800000e+01 -7.18093403e+24 2.77767931e+00
341 2.24100000e+01 2.87500000e+01 -7.92331416e+23 -2.60562499e+02
342 1.99800000e+01 2.93600000e+01 1.03450207e+25 2.24870021e+00
343 1.93900000e+01 3.05900000e+01 1.03700975e+24 -3.05160279e+02
344 1.93900000e+01 3.42600000e+01 -1.63367959e+25 2.17471983e+00
345 1.81700000e+01 3.85400000e+01 -1.68108042e+24 -3.74533012e+02
346 1.69600000e+01 4.40500000e+01 3.71540592e+25 1.99309562e+00
347 1.69600000e+01 4.83300000e+01 3.69808989e+24 -4.85563016e+02
348 1.57500000e+01 5.20000000e+01 -1.14081498e+26 1.68564296e+00
349 1.63600000e+01 5.20000000e+01 -9.62749494e+24 -6.16176684e+02
350 1.75700000e+01 5.56700000e+01 3.38573862e+26 1.58300065e+00
351 1.99800000e+01 5.87300000e+01 2.16565373e+25 -9.18172771e+02
352 1.99800000e+01 6.36200000e+01 -9.95547955e+26 1.38395031e+00
353 1.99800000e+01 6.54500000e+01 -5.37611000e+25 -1.21200298e+03
354 2.30200000e+01 6.91300000e+01 2.83123418e+27 1.31268013e+00
355 2.42300000e+01 7.28000000e+01 1.17745704e+26 -1.75049994e+03
356 2.60500000e+01 7.40200000e+01 -7.91361845e+27 1.10133400e+00
357 2.60500000e+01 7.64700000e+01 -2.41914911e+26 -2.50151758e+03
358 2.84700000e+01 7.89200000e+01 2.12584540e+28 8.98086225e-01
359 2.90800000e+01 8.32000000e+01 4.33565896e+26 -4.07943381e+03
360 2.90800000e+01 8.38100000e+01 -6.08265342e+28 5.97389909e-01
361 2.96800000e+01 8.25900000e+01 -5.99227251e+26 -8.38356975e+03
362 3.02900000e+01 8.44200000e+01 1.65858244e+29 3.05000000e-01
363 1.45400000e+01 5.44500000e+01 -7.34539273e+23 -7.13667899e+02
364 1.33300000e+01 5.93400000e+01 3.93429208e+25 1.10788827e+00
365 1.33300000e+01 6.42300000e+01 2.36969014e+24 -1.06638238e+03
366 1.39300000e+01 6.85200000e+01 -1.81458619e+26 8.94811003e-01
367 1.39300000e+01 7.09500000e+01 -7.68315074e+24 -1.67567830e+03
368 1.39300000e+01 7.28000000e+01 9.24395718e+26 6.05080014e-01
369 1.45400000e+01 7.46300000e+01 1.90779010e+25 -3.61610287e+03
370 1.45400000e+01 7.58600000e+01 -4.74508055e+27 3.05000000e-01
371 -5.45000000e+00 8.56000000e+00 3.40177804e+29 4.68545735e+00
372 -1.03000000e+01 1.28500000e+01 -1.14783830e+29 3.80827577e+01
373 -1.15100000e+01 1.52900000e+01 3.67714713e+29 4.77284345e+00
374 -1.45400000e+01 1.71300000e+01 -9.01038484e+28 6.99077025e+01
375 -1.51400000e+01 1.77300000e+01 4.08845930e+29 3.90744072e+00
376 -1.51400000e+01 1.83500000e+01 -7.28426458e+28 1.02993552e+02
377 -1.57500000e+01 2.32500000e+01 4.63400231e+29 3.65470581e+00
378 -1.57500000e+01 2.56900000e+01 -8.97291667e+28 1.32674273e+02
379 -1.63600000e+01 2.81400000e+01 7.24356099e+29 3.48582521e+00
380 -1.57500000e+01 2.87500000e+01 -1.32491639e+29 1.57181525e+02
381 -1.57500000e+01 3.36500000e+01 1.30676176e+30 3.41174940e+00
382 -1.51400000e+01 3.67100000e+01 -2.42255798e+29 1.98018890e+02
383 -1.63600000e+01 3.97600000e+01 2.92326769e+30 3.29497383e+00
384 -1.63600000e+01 4.16000000e+01 -5.34260017e+29 2.27619384e+02
385 -1.75700000e+01 4.46600000e+01 6.91206525e+30 3.45194258e+00
386 -1.69600000e+01 4.58800000e+01 -1.28253965e+30 2.47263742e+02
387 -1.75700000e+01 5.26100000e+01 1.80269994e+31 3.74296407e+00
388 -1.75700000e+01 5.68900000e+01 -3.52738624e+30 2.90741055e+02
389 -1.75700000e+01 5.93400000e+01 5.83084885e+31 3.58978778e+00
390 -1.63600000e+01 6.17900000e+01 -1.17072745e+31 3.07747248e+02
391 -1.69600000e+01 6.54500000e+01 2.12223513e+32 3.61053826e+00
392 -1.63600000e+01 6.60600000e+01 -4.28797642e+31 3.26948749e+02
393 -1.51400000e+01 7.09500000e+01 9.22479079e+32 3.29798186e+00
394 -1.45400000e+01 7.58600000e+01 -1.89887425e+32 3.68530265e+02
395 -1.51400000e+01 8.07500000e+01 4.61831884e+33 3.32012796e+00
396 -1.45400000e+01 8.56500000e+01 -9.57690666e+32 4.13034211e+02
397 -1.33300000e+01 9.11500000e+01 2.96524316e+34 2.94389025e+00
398 -1.21200000e+01 9.78800000e+01 -6.45623041e+33 4.49547154e+02
399 -1.15100000e+01 1.05220000e+02 2.51990517e+35 2.69583384e+00
400 -1.09000000e+01 1.08280000e+02 -5.52722437e+34 4.93657058e+02
401 -1.09000000e+01 1.13180000e+02 2.50171332e+36 2.50057130e+00
402 -8.48000000e+00 1.17460000e+02 -6.47722874e+35 4.53668163e+02
403 -8.18000000e+00 1.22050000e+02 3.58989842e+37 2.20213966e+00
404 -5.76000000e+00 1.26330000e+02 -1.18238518e+37 3.83556792e+02
405 -3.94000000e+00 1.33060000e+02 1.15013005e+39 1.36791637e+00
406 -3.94000000e+00 1.33660000e+02 -3.10277173e+38 4.95448574e+02
407 -3.33000000e+00 1.37940000e+02 2.28152331e+40 1.87592356e+00
408 -2.73000000e+00 1.39790000e+02 -1.31285667e+40 2.42931426e+02
409 -2.12000000e+00 1.41010000e+02 1.50251756e+42 1.23210487e+00
410 -9.10000000e-01 1.43460000e+02 -1.53075971e+42 1.40813197e+02
411 -3.00000000e-01 1.42850000e+02 7.16947623e+44 3.05000000e-01
412 -3.94000000e+00 1.33060000e+02 1.97099041e+40 2.09465660e+00
413 -4.54000000e+00 1.36720000e+02 -7.76959468e+39 3.46831231e+02
414 -3.94000000e+00 1.40400000e+02 6.83342223e+41 1.59634669e+00
415 -3.94000000e+00 1.42850000e+02 -2.23967440e+41 4.35846552e+02
416 -3.94000000e+00 1.44070000e+02 2.47581539e+43 1.30328736e+00
417 -5.76000000e+00 1.45290000e+02 -4.29092920e+42 8.38306115e+02
418 -6.97000000e+00 1.50800000e+02 5.15897196e+44 1.25426563e+00
419 -1.18100000e+01 1.56300000e+02 -4.14668483e+43 1.94455896e+03
420 -1.48400000e+01 1.58750000e+02 5.43275501e+45 1.21169870e+00
421 -1.78700000e+01 1.63030000e+02 -2.75650358e+44 3.21313586e+03
422 -1.90700000e+01 1.67930000e+02 4.64403763e+46 9.96761188e-01
423 -2.39300000e+01 1.73430000e+02 -1.34248432e+45 5.99944023e+03
424 -2.81700000e+01 1.76490000e+02 2.85897941e+47 8.28739995e-01
425 -3.42200000e+01 1.81390000e+02 -4.37569217e+45 1.18516169e+04
426 -3.84700000e+01 1.86280000e+02 1.34800346e+48 6.04674962e-01
427 -4.21000000e+01 1.89340000e+02 -9.59531791e+45 2.65995329e+04
428 -4.27100000e+01 1.89950000e+02 5.97583816e+48 3.05000000e-01
429 -1.90700000e+01 7.37200000e+01 2.10139965e+30 1.50428131e+03
430 -2.15100000e+01 8.22800000e+01 -1.46929581e+32 1.17677572e+00
431 -2.09000000e+01 8.90100000e+01 6.12869095e+30 2.13393074e+03
432 -2.21100000e+01 9.63500000e+01 -5.91421654e+32 9.98440569e-01
433 -2.45300000e+01 1.03080000e+02 1.67189469e+31 3.64638660e+03
434 -2.87800000e+01 1.08590000e+02 -2.11809051e+33 8.57144886e-01
435 -3.24000000e+01 1.12870000e+02 3.60954581e+31 6.62323983e+03
436 -3.42200000e+01 1.17760000e+02 -6.98591077e+33 6.08453398e-01
437 -3.48300000e+01 1.20210000e+02 6.08641505e+31 1.37975529e+04
438 -3.48300000e+01 1.20820000e+02 -2.41101858e+34 3.05000000e-01
439 -1.84800000e+01 3.27200000e+01 8.85187952e+27 4.89740785e+02
440 -1.90700000e+01 3.70100000e+01 -2.27185453e+29 1.44202921e+00
441 -1.96900000e+01 3.94600000e+01 1.31191720e+28 6.83331079e+02
442 -2.15100000e+01 4.25200000e+01 -4.16584688e+29 1.33904872e+00
443 -2.33200000e+01 4.49600000e+01 1.84720783e+28 1.01394371e+03
444 -2.39300000e+01 4.92500000e+01 -7.82449378e+29 1.16269484e+00
445 -2.45300000e+01 5.10800000e+01 2.73584507e+28 1.46088368e+03
446 -2.45300000e+01 5.29200000e+01 -1.62899184e+30 8.88776219e-01
447 -2.45300000e+01 5.47500000e+01 3.87674969e+28 2.30056905e+03
448 -2.45300000e+01 5.72000000e+01 -3.63536401e+30 6.09980407e-01
449 -2.45300000e+01 5.90300000e+01 4.51983203e+28 4.74786533e+03
450 -2.45300000e+01 5.90300000e+01 -8.74772736e+30 3.05000000e-01
451 -1.72700000e+01 1.86600000e+01 6.69540057e+27 2.03011568e+02
452 -1.90700000e+01 1.86600000e+01 -7.10641350e+28 1.75807634e+00
453 -2.21100000e+01 2.11100000e+01 3.70612270e+27 4.04779876e+02
454 -2.33200000e+01 2.29400000e+01 -6.42810258e+28 1.32260576e+00
455 -2.33200000e+01 2.29400000e+01 2.80500609e+27 5.25705359e+02
456 -2.63500000e+01 2.66100000e+01 -5.57256096e+28 1.33944182e+00
457 -2.75600000e+01 2.78400000e+01 2.09161470e+27 7.41724072e+02
458 -2.87800000e+01 2.96700000e+01 -5.38833575e+28 1.15171383e+00
459 -2.99900000e+01 3.21100000e+01 1.52129990e+27 1.13731330e+03
460 -3.12000000e+01 3.33400000e+01 -5.54400837e+28 9.14864036e-01
461 -3.12000000e+01 3.33400000e+01 1.08368311e+27 1.70563919e+03
462 -3.12000000e+01 3.33400000e+01 -5.92321111e+28 6.09973110e-01
463 -2.99900000e+01 3.51800000e+01 6.02340819e+26 3.45947943e+03
464 -2.99900000e+01 3.51800000e+01 -6.94765574e+28 3.05000000e-01
465 -2.45300000e+01 2.29400000e+01 -2.19380053e+26 2.93312172e+02
466 -3.12000000e+01 2.41600000e+01 2.06025413e+27 2.57260597e+00
467 -3.66500000e+01 2.47800000e+01 -1.27471884e+26 4.00504766e+02
468 -4.21000000e+01 2.66100000e+01 1.21173915e+27 2.79930448e+00
469 -4.93700000e+01 2.47800000e+01 -6.12203038e+25 4.90472838e+02
470 -5.18000000e+01 2.47800000e+01 5.79309344e+26 2.61870302e+00
471 -5.30100000e+01 2.53900000e+01 -2.52848478e+25 5.81718521e+02
472 -5.42200000e+01 2.47800000e+01 2.71135233e+26 2.31087092e+00
473 -5.54300000e+01 2.78400000e+01 -5.66629410e+24 1.33215904e+03
474 -5.90600000e+01 3.02800000e+01 1.27779829e+26 1.34274233e+00
475 -6.39100000e+01 3.02800000e+01 -2.07483238e+24 1.86481243e+03
476 -6.93600000e+01 3.39500000e+01 5.57748037e+25 1.26294590e+00
477 -7.30000000e+01 3.51800000e+01 -7.31907456e+23 2.68088210e+03
478 -7.48100000e+01 3.76100000e+01 2.62255629e+25 1.04962626e+00
479 -7.60300000e+01 3.88500000e+01 -2.56849174e+23 3.96677592e+03
480 -8.14800000e+01 4.19100000e+01 1.25034951e+25 8.60923190e-01
481 -8.39000000e+01 4.43500000e+01 -8.28484254e+22 6.69330776e+03
482 -8.75400000e+01 4.68000000e+01 6.33430134e+24 6.12112702e-01
483 -8.69300000e+01 4.68000000e+01 -2.23782860e+22 1.32470066e+04
484 -8.63300000e+01 4.68000000e+01 3.43378289e+24 3.05000000e-01
485 -5.48200000e+01 2.47800000e+01 -4.19152862e+24 1.60293098e+03
486 -5.90600000e+01 2.41600000e+01 1.13739463e+26 8.90344732e-01
487 -6.14900000e+01 2.41600000e+01 -1.08272557e+24 2.53798884e+03
488 -6.57300000e+01 2.35500000e+01 4.18015395e+25 6.09982014e-01
489 -6.87600000e+01 2.29400000e+01 -1.85408925e+23 5.17195877e+03
490 -6.87600000e+01 2.29400000e+01 1.39451827e+25 3.05000000e-01
491 -8.77000000e+00 2.75000000e+00 5.47689140e+28 9.34937892e+00
492 -1.48400000e+01 2.75000000e+00 -3.22722464e+28 4.66699812e+00
493 -2.09000000e+01 3.98000000e+00 6.27223944e+27 2.04780991e+01
494 -2.75600000e+01 7.04000000e+00 -4.52281698e+27 9.76306711e+00
495 -2.99900000e+01 7.65000000e+00 1.38113576e+27 2.50515198e+01
496 -2.99900000e+01 7.65000000e+00 -1.12584070e+27 9.38471003e+00
497 -3.36100000e+01 6.42000000e+00 2.64178093e+26 2.73599421e+01
498 -3.72600000e+01 7.65000000e+00 -1.91822947e+26 1.05355613e+01
499 -4.27100000e+01 6.42000000e+00 4.59484058e+25 2.68018726e+01
500 -4.81600000e+01 5.81000000e+00 -2.52800884e+25 1.05600991e+01
501 -5.18000000e+01 5.81000000e+00 5.00482260e+24 2.93471568e+01
502 -5.66400000e+01 3.98000000e+00 -2.56622250e+24 7.76206815e+00
503 -6.14900000e+01 6.42000000e+00 3.11213142e+23 5.29384729e+01
504 -6.87600000e+01 5.20000000e+00 -2.38223218e+23 6.79324354e+00
505 -7.35900000e+01 4.59000000e+00 2.10035366e+22 5.20600218e+01
506 -7.96600000e+01 3.98000000e+00 -1.36459765e+22 6.12591376e+00
507 -8.75400000e+01 3.36000000e+00 9.07380085e+20 5.05306232e+01
508 -9.42000000e+01 3.36000000e+00 -4.83797561e+20 6.30180334e+00
509 -1.01470000e+02 3.36000000e+00 2.85920847e+19 5.68534902e+01
510 -1.11160000e+02 2.14000000e+00 -1.45451531e+19 4.20669763e+00
511 -1.15400000e+02 1.53000000e+00 4.91774605e+17 4.52526097e+01
512 -1.17830000e+02 3.10000000e-01 -1.87593083e+17 8.12663905e-01
513 -1.17830000e+02 -1.53000000e+00 8.08234213e+14 -3.55116639e+02
514 -1.17830000e+02 -9.20000000e-01 2.43795238e+15 3.05000000e-01
515 -3.18000000e+01 8.26000000e+00 3.16204160e+25 2.94096201e+02
516 -3.30200000e+01 9.48000000e+00 -2.81338582e+26 1.06548324e+00
517 -3.24000000e+01 9.48000000e+00 6.60349617e+24 4.03890560e+02
518 -3.60400000e+01 1.19300000e+01 -4.39636001e+25 1.79193035e+00
519 -3.96800000e+01 1.43800000e+01 1.64744988e+24 3.83742520e+02
520 -4.27100000e+01 1.62100000e+01 -1.47903090e+25 1.80558517e+00
521 -4.69500000e+01 1.92700000e+01 4.72718175e+23 6.02915794e+02
522 -5.36100000e+01 2.29400000e+01 -5.31365557e+24 2.04080878e+00
523 -6.02800000e+01 2.41600000e+01 1.53010783e+23 8.39012233e+02
524 -6.39100000e+01 2.53900000e+01 -2.00799953e+24 1.93473340e+00
525 -6.99700000e+01 2.47800000e+01 4.67701003e+22 1.06388971e+03
526 -7.54200000e+01 2.78400000e+01 -6.59559316e+23 1.97416602e+00
527 -8.02700000e+01 3.15100000e+01 1.37151364e+22 1.51531224e+03
528 -8.45100000e+01 3.51800000e+01 -2.45870677e+23 1.96240766e+00
529 -8.69300000e+01 3.64000000e+01 4.68777111e+21 1.90915734e+03
530 -9.11700000e+01 4.00700000e+01 -9.81492034e+22 1.91381063e+00
531 -9.84400000e+01 4.25200000e+01 1.60405812e+21 2.60171628e+03
532 -1.05710000e+02 4.43500000e+01 -3.94741736e+22 1.80219042e+00
533 -1.11160000e+02 4.68000000e+01 5.31669258e+20 3.47470029e+03
534 -1.14800000e+02 4.80200000e+01 -1.60908464e+22 1.58666345e+00
535 -1.17830000e+02 4.92500000e+01 1.75023760e+20 4.52780917e+03
536 -1.20250000e+02 5.10800000e+01 -6.58977798e+21 1.35667904e+00
537 -1.22670000e+02 5.10800000e+01 5.64957314e+19 5.95807596e+03
538 -1.29030000e+02 5.26100000e+01 -2.60860752e+21 1.13939733e+00
539 -1.33270000e+02 5.50600000e+01 1.63323714e+19 8.79418711e+03
540 -1.38720000e+02 5.62800000e+01 -1.03535863e+21 8.87794663e-01
541 -1.41150000e+02 6.11800000e+01 4.27489537e+18 1.48174950e+04
542 -1.44780000e+02 6.30100000e+01 -4.37504744e+20 6.15675968e-01
543 -1.47810000e+02 6.72900000e+01 9.19573846e+17 3.20144971e+04
544 -1.47810000e+02 6.60600000e+01 -1.99170650e+20 3.05000000e-01
545 -3.75600000e+01 9.18000000e+00 -2.87707015e+25 2.10700788e+00
546 -4.18000000e+01 1.04000000e+01 1.24031174e+24 2.41242009e+02
547 -4.72500000e+01 1.22400000e+01 -6.32459261e+24 2.40037844e+00
548 -5.27000000e+01 1.34600000e+01 2.51468975e+23 3.38526916e+02
549 -5.87600000e+01 1.46800000e+01 -1.44745266e+24 2.55038707e+00
550 -6.11900000e+01 1.46800000e+01 5.31147490e+22 4.00050937e+02
551 -6.72300000e+01 1.28500000e+01 -3.15817419e+23 2.16113641e+00
552 -6.96700000e+01 1.40700000e+01 8.41395452e+21 5.28116842e+02
553 -7.39100000e+01 1.22400000e+01 -6.00863866e+22 1.71397898e+00
554 -7.93600000e+01 1.10100000e+01 1.06679001e+21 6.20132461e+02
555 -8.60200000e+01 1.04000000e+01 -7.68688381e+21 1.44331779e+00
556 -9.14700000e+01 9.78000000e+00 9.56610536e+19 7.85875974e+02
557 -9.51100000e+01 9.78000000e+00 -7.90122459e+20 1.18407608e+00
558 -9.69300000e+01 9.78000000e+00 7.16576658e+18 1.07837697e+03
559 -1.01770000e+02 9.78000000e+00 -7.59085397e+19 9.23232055e-01
560 -1.03590000e+02 1.04000000e+01 4.53027247e+17 1.74260780e+03
561 -1.06620000e+02 1.34600000e+01 -7.40302607e+18 8.23683002e-01
562 -1.08440000e+02 1.40700000e+01 3.54096624e+16 2.94158628e+03
563 -1.10860000e+02 1.59100000e+01 -9.39471197e+17 5.99664716e-01
564 -1.12070000e+02 1.71300000e+01 2.47014378e+15 6.51506270e+03
565 -1.12070000e+02 1.77300000e+01 -1.43592292e+17 3.05000000e-01
566 -6.36000000e+00 2.14000000e+00 -1.06722640e+29 -3.73371713e+00
567 -9.39000000e+00 2.75000000e+00 -6.30642959e+28 -4.65377842e+00
568 -1.12100000e+01 2.75000000e+00 -3.63915215e+28 -4.76558293e+00
569 -1.42400000e+01 5.81000000e+00 2.37826749e+27 8.89028423e+01
570 -1.78700000e+01 1.07100000e+01 -1.17513088e+28 2.16752409e+00
571 -2.15100000e+01 1.80500000e+01 8.53635660e+26 2.48479690e+02
572 -2.39300000e+01 2.47800000e+01 -8.84223461e+27 2.39227894e+00
573 -2.45300000e+01 2.78400000e+01 6.44253555e+26 3.82097715e+02
574 -2.75600000e+01 3.33400000e+01 -8.91792591e+27 2.40856604e+00
575 -2.75600000e+01 3.45600000e+01 5.83601900e+26 5.28105751e+02
576 -3.30200000e+01 3.76100000e+01 -2.80954564e+25 7.81239042e+02
577 -3.60400000e+01 4.06800000e+01 6.08787412e+26 1.87737648e+00
578 -3.96800000e+01 4.25200000e+01 -2.41240677e+25 1.07302140e+03
579 -4.69500000e+01 4.43500000e+01 5.51188135e+26 1.94108388e+00
580 -5.18000000e+01 4.55800000e+01 -1.74090738e+25 1.44310694e+03
581 -5.78500000e+01 4.68000000e+01 4.34189203e+26 1.87647377e+00
582 -6.20900000e+01 4.74100000e+01 -1.09891600e+25 1.87320142e+03
583 -6.81500000e+01 5.04700000e+01 3.02003792e+26 1.83647663e+00
584 -7.23900000e+01 5.10800000e+01 -6.38916630e+24 2.41445487e+03
585 -7.72300000e+01 5.10800000e+01 1.99720381e+26 1.63407767e+00
586 -8.39000000e+01 5.23100000e+01 -3.16381286e+24 3.30214636e+03
587 -9.42000000e+01 5.41400000e+01 1.10896053e+26 1.54458905e+00
588 -1.00260000e+02 5.65900000e+01 -1.37109048e+24 4.57709224e+03
589 -1.05100000e+02 5.84200000e+01 5.97068452e+25 1.34153975e+00
590 -1.09350000e+02 6.02600000e+01 -5.65967246e+23 6.35714261e+03
591 -1.12680000e+02 6.24000000e+01 3.19290191e+25 1.10608960e+00
592 -1.18130000e+02 6.54500000e+01 -2.16524213e+23 9.65136541e+03
593 -1.23580000e+02 6.91300000e+01 1.69095991e+25 8.85196552e-01
594 -1.27220000e+02 7.21900000e+01 -7.71175218e+22 1.58291389e+04
595 -1.29630000e+02 7.40200000e+01 9.41665078e+24 6.06185691e-01
596 -1.33270000e+02 7.58600000e+01 -2.12813122e+22 3.35668742e+04
597 -1.33880000e+02 7.64700000e+01 5.33567850e+24 3.05000000e-01
598 -2.90800000e+01 3.91500000e+01 -1.05544267e+28 2.16478024e+00
599 -3.02900000e+01 4.09900000e+01 5.43499050e+26 7.96001300e+02
600 -3.02900000e+01 4.16000000e+01 -1.42719423e+28 1.58419646e+00
601 -3.02900000e+01 4.22100000e+01 4.61374558e+26 1.30570417e+03
602 -3.27100000e+01 4.71100000e+01 -9.06638880e+27 2.39735532e+00
603 -3.39200000e+01 4.89400000e+01 5.59260226e+26 7.93385704e+02
604 -3.27100000e+01 5.20000000e+01 -1.35597216e+28 2.14469977e+00
605 -3.27100000e+01 5.81200000e+01 7.62635789e+26 1.03337796e+03
606 -3.39200000e+01 6.42300000e+01 -2.32269580e+28 2.10893294e+00
607 -3.39200000e+01 7.15800000e+01 1.23525573e+27 1.34594449e+03
608 -3.45300000e+01 7.95300000e+01 -4.81381089e+28 2.04079244e+00
609 -3.69500000e+01 8.62600000e+01 2.26137389e+27 1.83622588e+03
610 -3.45300000e+01 8.87100000e+01 -1.20234682e+29 1.66845768e+00
611 -3.51400000e+01 9.54300000e+01 4.66519352e+27 2.45948975e+03
612 -3.15000000e+01 9.78800000e+01 -3.64208660e+29 1.25375696e+00
613 -3.02900000e+01 1.04000000e+02 1.14079069e+28 3.32030239e+03
614 -3.27100000e+01 1.09510000e+02 -1.15787897e+30 1.07893823e+00
615 -3.33200000e+01 1.15010000e+02 2.68945618e+28 4.95147166e+03
616 -3.66500000e+01 1.20210000e+02 -3.63327306e+30 8.89829974e-01
617 -3.66500000e+01 1.25110000e+02 5.79767255e+28 7.84036678e+03
618 -3.60400000e+01 1.30610000e+02 -1.26121285e+31 6.00401442e-01
619 -3.72600000e+01 1.33060000e+02 9.99903633e+28 1.67833155e+04
620 -3.84700000e+01 1.33060000e+02 -4.36220254e+31 3.05000000e-01
621 -3.30200000e+01 4.25200000e+01 -9.25433000e+27 2.11983431e+00
622 -3.66500000e+01 4.43500000e+01 4.58255813e+26 8.95634106e+02
623 -4.39200000e+01 4.80200000e+01 -9.34175245e+27 2.35560129e+00
624 -4.81600000e+01 5.10800000e+01 3.97761829e+26 1.19965437e+03
625 -5.24000000e+01 5.47500000e+01 -9.10411065e+27 2.39204695e+00
626 -5.66400000e+01 5.90300000e+01 3.35464449e+26 1.60200478e+03
627 -5.90600000e+01 6.14800000e+01 -9.09775372e+27 2.26697215e+00
628 -6.20900000e+01 6.39300000e+01 2.87478490e+26 2.02317536e+03
629 -6.63300000e+01 6.63800000e+01 -8.76725033e+27 2.17660286e+00
630 -6.93600000e+01 6.82000000e+01 2.36574550e+26 2.52743363e+03
631 -7.35900000e+01 6.94300000e+01 -8.12412444e+27 2.02180200e+00
632 -7.54200000e+01 7.06600000e+01 1.84931226e+26 3.10413036e+03
633 -8.14800000e+01 7.43300000e+01 -7.04460271e+27 1.95127228e+00
634 -8.63300000e+01 7.86100000e+01 1.34337243e+26 4.12228364e+03
635 -8.75400000e+01 8.04500000e+01 -6.32551115e+27 1.70854670e+00
636 -9.05700000e+01 8.53400000e+01 9.80252876e+25 5.50693739e+03
637 -9.05700000e+01 8.77900000e+01 -5.95991193e+27 1.44392066e+00
638 -9.35900000e+01 9.02300000e+01 7.25276937e+25 7.41458643e+03
639 -9.35900000e+01 9.26800000e+01 -5.74570716e+27 1.16989371e+00
640 -9.54100000e+01 9.57400000e+01 5.20849594e+25 1.05614751e+04
641 -9.72300000e+01 9.75800000e+01 -5.65749375e+27 8.98357216e-01
642 -9.84400000e+01 9.75800000e+01 3.41011250e+25 1.61888571e+04
643 -9.96500000e+01 9.81900000e+01 -5.53986793e+27 6.04416839e-01
644 -1.00260000e+02 9.81900000e+01 1.65442823e+25 3.28790106e+04
645 -1.00260000e+02 1.00020000e+02 -5.42543972e+27 3.05000000e-01
646 -1.30200000e+01 2.14000000e+00 -2.09941593e+28 -3.70950105e+00
647 -1.54500000e+01 1.53000000e+00 -5.86273931e+27 -5.47884906e+00
648 -1.84800000e+01 9.20000000e-01 -1.93008772e+27 -2.79454665e+00
649 -2.02900000e+01 3.10000000e-01 -3.23382121e+26 -1.85021729e+00
650 -2.15100000e+01 3.10000000e-01 -3.69118259e+25 -2.71588996e+00
651 -2.27200000e+01 -3.10000000e-01 -5.39525142e+24 2.12087726e+00
652 -2.51400000e+01 -2.75000000e+00 1.68555080e+23 -8.80242912e+01
653 -3.05900000e+01 -2.75000000e+00 4.86706463e+23 9.52373769e-01
654 -3.54400000e+01 -3.98000000e+00 -8.89054733e+21 -2.17882168e+02
655 -3.84700000e+01 -7.04000000e+00 -5.04237936e+22 1.24126823e+00
656 -4.15000000e+01 -8.26000000e+00 1.13759509e+21 -3.66123711e+02
657 -4.69500000e+01 -7.65000000e+00 8.87854104e+21 9.80183838e-01
658 -5.11900000e+01 -9.48000000e+00 -1.17105829e+20 -7.18739361e+02
659 -5.54300000e+01 -1.00900000e+01 -1.51911034e+21 7.77822246e-01
660 -5.90600000e+01 -1.13200000e+01 1.21616858e+19 -1.41397577e+03
661 -6.27000000e+01 -1.37600000e+01 2.74322781e+20 6.10028799e-01
662 -6.57300000e+01 -1.49900000e+01 -1.27303132e+18 -3.23016287e+03
663 -6.57300000e+01 -1.49900000e+01 -6.25663589e+19 3.05000000e-01
664 -2.33200000e+01 9.20000000e-01 1.68999324e+23 2.93707169e+01
665 -2.69600000e+01 9.20000000e-01 -1.82199055e+23 8.53348984e-01
666 -3.12000000e+01 2.75000000e+00 3.20220085e+21 1.56469698e+02
667 -3.54400000e+01 4.59000000e+00 -1.41103479e+22 1.04165411e+00
668 -4.08900000e+01 4.59000000e+00 2.54205082e+20 2.54780496e+02
669 -4.57400000e+01 5.20000000e+00 -1.41427556e+21 9.34659736e-01
670 -4.93700000e+01 6.42000000e+00 1.80375203e+19 5.03375683e+02
671 -5.48200000e+01 7.04000000e+00 -1.65526225e+20 7.67154224e-01
672 -5.66400000e+01 8.26000000e+00 1.35061166e+18 1.01231661e+03
673 -6.08800000e+01 1.00900000e+01 -2.24512924e+19 6.06988290e-01
674 -6.20900000e+01 1.00900000e+01 1.09196770e+17 2.07454434e+03
675 -6.27000000e+01 1.00900000e+01 -3.61244395e+18 3.05000000e-01
676 -1.82000000e+00 -7.34000000e+00 -1.08982593e+29 1.25407387e+01
677 -1.82000000e+00 -1.28500000e+01 5.69508224e+29 -2.45900983e+00
678 -1.82000000e+00 -1.83500000e+01 1.71760233e+30 6.08433962e+00
679 -1.82000000e+00 -2.38600000e+01 -3.45345619e+30 -1.18669499e+01
680 -1.82000000e+00 -2.99800000e+01 -2.59615465e+31 3.98799881e+00
681 -1.21000000e+00 -3.48600000e+01 4.66234790e+31 -1.94112393e+01
682 -1.82000000e+00 -4.22100000e+01 5.43758860e+32 3.61920917e+00
683 -2.42000000e+00 -4.77200000e+01 -4.05394512e+32 -6.40072128e+01
684 -2.42000000e+00 -5.44500000e+01 -1.09250827e+34 2.02046353e+00
685 -6.10000000e-01 -5.99500000e+01 1.45153789e+34 -4.51217095e+01
686 -1.21000000e+00 -6.72900000e+01 5.55803567e+35 1.75734720e+00
687 -6.10000000e-01 -7.15800000e+01 -4.98717259e+35 -7.97734963e+01
688 -1.21000000e+00 -7.70800000e+01 -3.31290441e+37 1.16034517e+00
689 6.10000000e-01 -8.19800000e+01 -3.01607453e+37 9.00481405e+01
690 6.10000000e-01 -8.87100000e+01 -4.42241275e+39 6.05000000e-01
691 0.00000000e+00 -9.54300000e+01 7.13062186e+40 -5.91857004e+00
692 -3.03000000e+00 -1.04610000e+02 1.53521819e+41 4.85881654e+01
693 -2.12000000e+00 -1.08590000e+02 -3.47474662e+42 -4.79774100e+00
694 -1.51000000e+00 -1.18990000e+02 -1.24325537e+43 3.32562490e+01
695 3.00000000e-01 -1.31220000e+02 -1.35312802e+45 1.20565066e+00
696 9.10000000e-01 -1.39790000e+02 -8.93139825e+44 2.11785165e+02
697 9.10000000e-01 -1.40400000e+02 -2.07267490e+47 6.05000000e-01
