0 1.34400000e+01 1.20300000e+01 -5.12970857e+00 4.57903887e+01
1 1.58600000e+01 1.51800000e+01 1.12643054e+01 -1.68004768e+01
2 1.99100000e+01 2.04600000e+01 2.15072934e-01 1.66041936e+01
3 2.36400000e+01 2.16800000e+01 -9.18358596e+00 -5.27702823e+01
4 2.88300000e+01 2.33700000e+01 1.84778063e+00 1.17565091e+01
5 5.05500000e+01 6.40000000e+01 4.51024734e+00 -3.38003126e+02
6 5.16300000e+01 6.85600000e+01 -4.56708613e+01 6.53359321e+00
7 5.26200000e+01 1.25840000e+02 -3.72466222e+00 -1.52272252e+03
8 4.85800000e+01 1.47280000e+02 1.18749614e+02 4.68992774e+00
9 4.35500000e+01 1.67940000e+02 4.49060113e+00 -4.46799624e+03
10 5.63300000e+01 1.70470000e+02 -3.32485460e+02 2.28769774e+00
11 6.43200000e+01 1.73000000e+02 -7.49572431e+00 -7.68624536e+03
12 7.28100000e+01 1.73250000e+02 7.90071414e+02 1.64103173e+00
13 7.53800000e+01 1.68250000e+02 1.18991533e+01 -1.11640236e+04
14 7.42000000e+01 1.63810000e+02 1.18707506e-01 -2.03334444e+04
15 7.22100000e+01 1.55440000e+02 -2.69780701e+01 5.52000000e-01
16 7.88500000e+01 1.72060000e+02 -1.68606515e+03 1.21510893e+00
17 8.23100000e+01 1.71340000e+02 -1.14932301e+01 -2.50894349e+04
18 8.38900000e+01 1.69280000e+02 3.44377029e+03 5.66000000e-01
19 3.94100000e+01 1.82530000e+02 -3.09297626e+01 2.63044575e+01
20 4.50200000e+01 1.98410000e+02 -6.46225745e-01 -9.36984290e+03
21 5.59600000e+01 1.92310000e+02 1.02476563e+02 1.22985713e+00
22 6.40400000e+01 1.91280000e+02 8.65418841e-01 -2.19582588e+04
23 6.83000000e+01 1.89690000e+02 -2.87053051e+02 5.90000000e-01
24 4.66000000e+01 2.04810000e+02 8.75453238e+00 1.53312412e+01
25 5.70700000e+01 2.20410000e+02 1.88123848e+00 -1.02223097e+03
26 5.57900000e+01 2.22090000e+02 -3.47073496e+01 1.20931045e+01
27 6.87600000e+01 2.12160000e+02 -6.88110583e-01 -1.08841239e+04
28 7.25500000e+01 2.08840000e+02 1.01445723e+02 1.39194819e+00
29 7.50600000e+01 2.09690000e+02 9.91847398e-01 -2.13574464e+04
30 8.54200000e+01 2.04030000e+02 -2.49052236e+02 8.16000000e-01
31 5.98900000e+01 2.36090000e+02 -5.08640917e+00 -1.61856294e+03
32 5.32100000e+01 2.44250000e+02 -8.40538011e-02 -2.00534919e+04
33 5.21800000e+01 2.45280000e+02 8.86619531e+00 1.46817734e+00
34 4.55700000e+01 2.52530000e+02 1.08155214e-01 -1.44538051e+04
35 4.17300000e+01 2.54590000e+02 -5.39118855e+01 7.35000000e-01
36 4.50900000e+01 2.45910000e+02 1.71194023e+01 9.78065360e-01
37 4.13200000e+01 2.44250000e+02 9.50943262e-02 -3.83646483e+04
38 3.99200000e+01 2.43780000e+02 -6.10753869e+01 4.39000000e-01
39 3.71400000e+01 2.47280000e+02 -4.70986331e+01 5.67000000e-01
40 6.01000000e+01 2.37130000e+02 1.36470549e+02 8.79056661e+00
41 6.40600000e+01 2.50970000e+02 1.43911819e+01 -2.37351149e+03
42 7.74400000e+01 2.54780000e+02 2.41239471e-01 -1.34476750e+04
43 8.79200000e+01 2.54220000e+02 -4.18253862e+01 1.66196955e+00
44 9.30400000e+01 2.52630000e+02 -4.11508129e-01 -2.71113274e+04
45 9.77600000e+01 2.47630000e+02 -2.87934383e-02 -3.76725512e+04
46 1.01710000e+02 2.41500000e+02 9.25790422e-01 6.52000000e-01
47 1.00220000e+02 2.55560000e+02 1.05373345e+02 9.44651517e-01
48 1.07930000e+02 2.57310000e+02 2.31585499e-01 -1.06139145e+05
49 1.08500000e+02 2.62830000e+02 -1.33101436e+02 4.99000000e-01
50 1.17040000e+02 2.54500000e+02 -1.08336364e+02 6.08000000e-01
51 6.55000000e+01 2.55280000e+02 -5.23823357e+02 7.03394561e+00
52 6.99700000e+01 2.72940000e+02 -3.63178057e+01 -3.93850815e+03
53 7.17000000e+01 2.85910000e+02 1.99522728e+03 5.20144065e+00
54 8.48100000e+01 2.84750000e+02 2.43555074e+01 -2.33014490e+04
55 1.01160000e+02 2.79940000e+02 -5.61650383e+03 1.21528850e+00
56 1.02830000e+02 2.78830000e+02 -3.48885348e+01 -4.49202656e+04
57 1.07610000e+02 2.80520000e+02 1.45530979e+04 6.72000000e-01
58 7.23500000e+01 2.98940000e+02 3.28235980e+01 -1.81591863e+04
59 6.20200000e+01 2.94940000e+02 -7.04215034e+03 1.37577251e+00
60 5.68200000e+01 2.95160000e+02 -8.72322594e+01 -2.38301313e+04
61 5.40000000e+01 2.96560000e+02 3.84927215e+04 6.72000000e-01
62 7.34900000e+01 3.03380000e+02 -2.17450357e+03 4.58165923e+00
63 7.42400000e+01 3.04750000e+02 -4.71012873e+01 -1.40730322e+04
64 6.32700000e+01 3.05560000e+02 1.04762623e+04 1.37342229e+00
65 5.86000000e+01 3.08910000e+02 1.55429405e+02 -2.08208672e+04
66 5.73700000e+01 3.09220000e+02 -5.64115031e+04 8.52000000e-01
67 7.54700000e+01 3.20060000e+02 -4.01657900e-01 -3.81034906e+04
68 6.22600000e+01 3.20770000e+02 2.42156116e+02 5.24000000e-01
69 7.70000000e+01 3.30940000e+02 -3.14452599e-02 -3.81338258e+03
70 8.92500000e+01 3.31340000e+02 -2.44567353e-03 -3.98427467e+04
71 1.03670000e+02 3.28220000e+02 9.68606164e-02 8.54000000e-01
72 7.74100000e+01 3.35530000e+02 1.71615463e+00 6.80498757e+00
73 7.71200000e+01 3.44060000e+02 9.71780616e-02 -6.44811357e+03
74 8.14400000e+01 3.55940000e+02 -7.22871197e+00 4.49202323e+00
75 9.61800000e+01 3.54380000e+02 -1.72991898e-02 -7.98981243e+04
76 1.02990000e+02 3.48440000e+02 1.92204548e+01 5.93000000e-01
77 1.01800000e+02 3.53500000e+02 5.76286084e+00 1.85657854e+00
78 1.17960000e+02 3.52970000e+02 6.23974783e-02 -3.75244651e+04
79 1.27990000e+02 3.56810000e+02 -1.58549601e+01 1.21699668e+00
80 1.41530000e+02 3.57810000e+02 -4.43738870e-02 -9.37799278e+04
81 1.48740000e+02 3.61910000e+02 3.81521837e+01 5.74000000e-01
82 1.48660000e+02 3.42380000e+02 2.26670083e-02 -1.08625280e+05
83 1.51160000e+02 3.32000000e+02 1.39725602e-01 4.62000000e-01
84 8.30900000e+01 3.60590000e+02 -2.64816526e-01 -9.28913493e+03
85 8.96200000e+01 3.65250000e+02 2.91609428e+01 3.52355149e+00
86 9.68800000e+01 3.69630000e+02 8.73638341e-01 -1.25579898e+04
87 1.01310000e+02 3.71810000e+02 -1.06317763e+02 2.99936266e+00
88 1.13740000e+02 3.73250000e+02 -4.46057253e-01 -8.40931053e+04
89 1.25090000e+02 3.73780000e+02 3.17315252e+02 5.56000000e-01
90 1.05760000e+02 3.75160000e+02 -1.66046964e+00 -2.39230321e+04
91 1.11020000e+02 3.79970000e+02 3.59344084e+02 1.76327128e+00
92 1.14390000e+02 3.83630000e+02 3.55804267e+00 -3.88599592e+04
93 1.24210000e+02 3.79220000e+02 1.15161058e-02 -9.82089801e+04
94 1.29960000e+02 3.77090000e+02 -1.03659486e+01 4.99000000e-01
95 1.21660000e+02 3.83690000e+02 -1.13310503e+03 1.20119445e+00
96 1.27830000e+02 3.86530000e+02 -4.14810694e+00 -1.05308428e+05
97 1.39580000e+02 3.84780000e+02 3.13789920e+03 5.10000000e-01
98 7.68200000e+01 3.49690000e+02 2.09253168e-02 -9.96618246e+03
99 7.76100000e+01 3.72500000e+02 -3.65692999e-01 2.90009752e+00
100 7.80500000e+01 3.77750000e+02 4.11897289e-03 -2.80500970e+04
101 7.10400000e+01 3.85250000e+02 2.00149451e+00 9.75554154e-01
102 6.79200000e+01 3.91810000e+02 2.19105033e-02 -8.76671751e+04
103 5.93900000e+01 3.97090000e+02 -1.31614935e+01 2.69000000e-01
104 6.57800000e+01 3.97250000e+02 4.76474802e-03 -1.62125137e+04
105 6.58100000e+01 4.06030000e+02 -5.27086317e-02 1.64805852e+00
106 6.24600000e+01 4.15590000e+02 2.02891144e-02 -2.48861889e+04
107 5.47300000e+01 4.21090000e+02 4.82134813e-01 9.26000000e-01
108 6.23600000e+01 4.17090000e+02 1.94178814e-02 -2.77816376e+04
109 6.10900000e+01 4.23250000e+02 -1.20919582e-02 9.30670865e-01
110 5.95500000e+01 4.28810000e+02 2.93450918e-02 -6.01304153e+04
111 5.60400000e+01 4.28780000e+02 1.61764372e-01 6.64000000e-01
112 5.93900000e+01 4.32000000e+02 1.39985969e-01 1.07156651e+00
113 6.04800000e+01 4.33660000e+02 2.47365749e-02 -5.01902749e+04
114 5.84400000e+01 4.35440000e+02 -8.50678853e-01 5.07000000e-01
115 6.30200000e+01 4.38280000e+02 1.63745013e-02 -4.27110135e+04
116 6.44400000e+01 4.45410000e+02 -1.98908091e-02 6.72000000e-01
117 7.77600000e+01 3.86280000e+02 1.63136371e-02 -1.22357773e+04
118 7.53500000e+01 4.01190000e+02 5.44571926e-02 2.46982852e+00
119 7.29700000e+01 4.16090000e+02 2.14120525e-02 -1.80101873e+04
120 7.23500000e+01 4.29130000e+02 -1.68236607e-01 1.72378651e+00
121 7.27300000e+01 4.34720000e+02 9.04540367e-03 -6.36434055e+04
122 8.12900000e+01 4.31530000e+02 2.48187442e-01 7.52000000e-01
123 7.24600000e+01 4.35970000e+02 8.34522102e-01 1.85859277e+00
124 7.33200000e+01 4.38380000e+02 7.69464708e-03 -5.17091305e+04
125 7.96100000e+01 4.36500000e+02 -4.55165692e+00 6.72000000e-01
126 7.39200000e+01 4.40280000e+02 -1.73953916e-03 -4.25799859e+04
127 8.74300000e+01 4.43160000e+02 -3.75898089e-01 1.34861965e+00
128 9.28000000e+01 4.47530000e+02 -2.16712337e-02 -6.53390496e+04
129 9.68400000e+01 4.53410000e+02 1.67552690e+00 6.72000000e-01
130 7.32700000e+01 4.45090000e+02 4.18982167e-01 2.35441408e+00
131 6.47000000e+01 4.50750000e+02 -5.94056920e-04 -4.48443915e+04
132 5.75300000e+01 4.59130000e+02 -3.30602826e+00 5.89000000e-01
133 7.32300000e+01 4.46340000e+02 -3.40376966e-03 -3.78266085e+04
134 8.06000000e+01 4.51530000e+02 -1.95319582e+00 1.37826161e+00
135 8.25500000e+01 4.56840000e+02 -3.43114645e-02 -7.00628489e+04
136 7.96200000e+01 4.58470000e+02 1.11339293e+01 5.21000000e-01
137 8.43300000e+01 4.58060000e+02 -3.01589402e-02 -6.69640368e+04
138 9.05600000e+01 4.57720000e+02 5.54929123e-02 6.19000000e-01
139 6.54200000e+01 4.57470000e+02 -4.93855977e-01 2.62012966e+00
140 6.33200000e+01 4.63720000e+02 -2.44868565e-02 -1.64485253e+04
141 5.66000000e+01 4.64910000e+02 3.95421118e+00 1.59970362e+00
142 5.47500000e+01 4.64530000e+02 3.25508328e-02 -3.49977858e+04
143 5.14200000e+01 4.62840000e+02 -3.58762168e+01 6.80000000e-01
144 8.37700000e+01 3.94590000e+02 1.96079163e-02 -1.38140117e+04
145 8.63900000e+01 4.01660000e+02 2.18477749e-02 2.51166411e+00
146 8.72600000e+01 4.02660000e+02 2.30602791e-02 -2.33825453e+04
147 9.63200000e+01 4.02000000e+02 1.40498568e-03 1.65568838e+00
148 1.09630000e+02 4.06130000e+02 2.78036499e-02 -9.30125611e+04
149 1.19320000e+02 4.00750000e+02 -6.29653317e-02 6.72000000e-01
150 1.11950000e+02 4.06410000e+02 1.70140726e-01 2.08165199e+00
151 1.21900000e+02 4.05810000e+02 1.90019793e-02 -4.20415206e+04
152 1.33490000e+02 4.09380000e+02 -4.37281360e-01 1.29983198e+00
153 1.42940000e+02 4.03090000e+02 2.30503902e-02 -9.17724587e+04
154 1.49860000e+02 3.99280000e+02 1.23687149e+00 6.52000000e-01
155 8.82300000e+01 4.03310000e+02 3.19467227e-02 -1.61561541e+04
156 9.23200000e+01 4.13310000e+02 4.66402129e-02 2.36150305e+00
157 9.49600000e+01 4.16780000e+02 1.79508135e-02 -3.14730282e+04
158 1.10260000e+02 4.20530000e+02 -8.00782160e-02 1.47318171e+00
159 1.23870000e+02 4.22060000e+02 3.48706968e-03 -1.12629540e+05
160 1.23350000e+02 4.29160000e+02 3.05296123e-01 4.70000000e-01
161 1.24300000e+02 4.22340000e+02 -1.96033395e-03 -4.32663965e+04
162 1.28870000e+02 4.16060000e+02 3.50915860e-03 1.23918361e+00
163 1.38940000e+02 4.15530000e+02 -3.07017175e-03 -9.36956729e+04
164 1.45680000e+02 4.10340000e+02 -1.59650849e-02 6.38000000e-01
165 1.27100000e+02 4.23000000e+02 -3.17193335e-03 -4.43020545e+04
166 1.44440000e+02 4.22970000e+02 -9.54470595e-04 1.37899969e+00
167 1.49220000e+02 4.21380000e+02 -2.29025649e-02 -1.27801551e+05
168 1.50430000e+02 4.28190000e+02 -2.64895459e-02 5.04000000e-01
169 1.54240000e+02 4.21500000e+02 -2.05529606e-02 -9.19744305e+04
170 1.56260000e+02 4.25560000e+02 -4.81615464e-03 7.23000000e-01
171 9.90000000e+01 4.24030000e+02 1.87033783e-02 -1.06185337e+05
172 9.43000000e+01 4.36500000e+02 5.67411481e-01 5.04000000e-01
173 9.88300000e+01 4.24910000e+02 -5.19968307e-01 1.71292574e+00
174 1.04230000e+02 4.27880000e+02 3.41047540e-03 -6.86200435e+04
175 1.02730000e+02 4.42220000e+02 2.20818666e+00 6.62000000e-01
176 1.07200000e+02 4.29250000e+02 4.13563481e-03 -1.46675168e+04
177 1.14070000e+02 4.31690000e+02 7.11481503e-03 3.35702720e+00
178 1.20060000e+02 4.31440000e+02 -1.63309107e-02 -7.83845647e+04
179 1.27070000e+02 4.31190000e+02 -5.47562278e-02 6.99000000e-01
180 1.18620000e+02 4.37340000e+02 -5.99757146e-03 -2.98282450e+04
181 1.22050000e+02 4.42910000e+02 -5.57000621e-02 1.81224668e+00
182 1.28210000e+02 4.44340000e+02 -2.82008282e-02 -5.04038919e+04
183 1.34120000e+02 4.43090000e+02 1.14932114e-01 1.17900000e+00
184 3.65100000e+01 1.85970000e+02 -1.89593310e+01 -3.03220869e+02
185 2.36200000e+01 1.84280000e+02 -2.91406813e+00 -1.18589399e+03
186 5.20000000e+00 1.77690000e+02 6.73239564e+02 7.78783770e-01
187 -1.39000000e+00 1.75880000e+02 -7.78408021e+01 1.52050919e+03
188 -1.02100000e+01 1.71190000e+02 1.15923296e+04 1.14996466e+00
189 -1.49500000e+01 1.67630000e+02 -3.41137319e+02 5.69606775e+03
190 -1.88600000e+01 1.73630000e+02 1.03015692e+05 5.75000000e-01
191 -1.93000000e+01 1.65470000e+02 8.36037464e+00 6.75524923e+03
192 -2.04400000e+01 1.63910000e+02 -2.76153026e+03 4.96000000e-01
193 2.25200000e+01 2.11970000e+02 2.61680936e+02 1.53776981e+01
194 1.17800000e+01 2.05410000e+02 1.29821107e+02 -4.14073560e+02
195 5.62000000e+00 1.99910000e+02 -9.57898058e+03 2.70887577e+00
196 3.76000000e+00 1.93130000e+02 -5.63497982e+03 -3.28304514e+02
197 9.60000000e-01 1.90130000e+02 1.93041395e+06 5.55000000e-01
198 1.64400000e+01 2.21500000e+02 9.55750025e+01 -6.06507840e+02
199 9.20000000e-01 2.15630000e+02 -2.72989575e+01 7.54249769e+02
200 -4.32000000e+00 2.14060000e+02 4.76375183e+03 1.22749661e+00
201 -8.99000000e+00 2.12810000e+02 -1.47567780e+02 6.86960561e+03
202 -1.38800000e+01 2.19090000e+02 6.45348403e+04 5.01000000e-01
203 -1.00800000e+01 2.12560000e+02 1.16950887e+04 2.68211554e+00
204 -1.82600000e+01 2.10690000e+02 -1.10426246e+03 2.23140463e+03
205 -2.43400000e+01 2.06970000e+02 1.01199945e+05 2.25837586e+00
206 -2.66600000e+01 2.06630000e+02 -5.32337276e+03 3.92815931e+03
207 -3.01200000e+01 2.02280000e+02 2.47938009e+02 4.34284853e+03
208 -3.04500000e+01 1.97970000e+02 -3.53586444e+04 1.38824879e+00
209 -2.90900000e+01 1.91410000e+02 1.02008601e+03 6.63464398e+03
210 -2.67900000e+01 1.94380000e+02 -2.52594672e+05 7.85000000e-01
211 -2.85600000e+01 1.88000000e+02 -1.63359424e+01 1.17696886e+04
212 -3.16400000e+01 1.87470000e+02 6.06103000e+03 5.04000000e-01
213 -2.96100000e+01 1.86810000e+02 1.16661297e-01 2.19859538e+04
214 -2.93300000e+01 1.85560000e+02 -4.86399800e+01 4.87000000e-01
215 -2.94100000e+01 1.82310000e+02 -5.51179860e+01 4.96000000e-01
216 -2.94000000e+01 2.05750000e+02 7.10850602e+05 1.54079950e+00
217 -3.31500000e+01 2.06660000e+02 -1.50276108e+04 9.77566199e+03
218 -3.62700000e+01 2.04810000e+02 2.08645222e+06 1.47513332e+00
219 -3.92500000e+01 1.95500000e+02 -5.19956984e+04 7.84491726e+03
220 -4.42700000e+01 1.90660000e+02 9.21334764e+06 1.07599184e+00
221 -4.86700000e+01 1.86560000e+02 -9.04850677e+04 1.89958791e+04
222 -5.24400000e+01 1.86910000e+02 3.27762628e+07 5.16000000e-01
223 -3.73200000e+01 2.09840000e+02 1.90822705e+06 1.65252056e+00
224 -4.32300000e+01 2.08500000e+02 -3.95294721e+04 1.00650453e+04
225 -4.72100000e+01 2.10910000e+02 8.42706188e+06 9.89330437e-01
226 -5.14800000e+01 2.14030000e+02 -7.68274953e+04 2.34765605e+04
227 -5.64700000e+01 2.17840000e+02 3.19391025e+07 5.24000000e-01
228 1.15200000e+01 2.29410000e+02 -5.05817639e+03 4.33406414e+00
229 1.33200000e+01 2.47410000e+02 -1.34136639e+02 -9.33035125e+03
230 2.25800000e+01 2.47280000e+02 4.93549227e+04 6.72000000e-01
231 1.34700000e+01 2.50060000e+02 1.01999540e+04 3.28837801e+00
232 1.50400000e+01 2.54410000e+02 2.91850364e+02 -8.89061772e+03
233 2.39800000e+01 2.61160000e+02 -1.08276692e+05 7.04000000e-01
234 1.66400000e+01 2.59940000e+02 4.00880658e+01 -1.89148473e+03
235 4.82000000e+00 2.64770000e+02 -1.58037756e+04 6.72000000e-01
236 1.66400000e+01 2.61690000e+02 1.14250503e+01 -9.16429384e+02
237 1.63100000e+01 2.64630000e+02 -6.45693361e+02 4.69506639e+00
238 2.13900000e+01 2.75020000e+02 -1.45195384e+01 -1.22771844e+04
239 2.30400000e+01 2.68720000e+02 7.71140946e+03 5.04000000e-01
240 2.61000000e+01 2.85270000e+02 -2.81304552e+00 -1.49706452e+03
241 3.43200000e+01 2.80520000e+02 -1.08404519e-01 -1.68995868e+04
242 3.65700000e+01 2.77750000e+02 2.11137359e+01 6.01000000e-01
243 3.64300000e+01 2.81440000e+02 -5.58169293e-02 -1.86104523e+04
244 3.88200000e+01 2.86690000e+02 3.38052596e-01 5.98000000e-01
245 2.51600000e+01 2.86500000e+02 1.64393310e+02 4.80613929e+00
246 2.86800000e+01 2.96520000e+02 1.49633249e+01 -3.24446459e+03
247 3.14500000e+01 3.08020000e+02 -1.55131300e+03 2.98437951e+00
248 4.12800000e+01 3.42130000e+02 -5.53451254e+01 -9.59856131e+03
249 4.43300000e+01 3.60060000e+02 1.19741013e+04 1.66263919e+00
250 4.32000000e+01 3.72030000e+02 1.14602159e+02 -3.88543839e+04
251 5.29900000e+01 3.69590000e+02 -8.40760356e+04 5.04000000e-01
252 4.29600000e+01 3.78970000e+02 7.02221996e+00 -6.15507160e+03
253 3.60900000e+01 3.81440000e+02 1.21914805e-01 -1.78321161e+04
254 3.20000000e+01 3.79500000e+02 -8.41360771e+01 6.81000000e-01
255 4.34000000e+01 3.81500000e+02 -1.00140251e+03 2.68910838e+00
256 4.34900000e+01 3.88030000e+02 -3.30919653e+01 -1.17508017e+04
257 4.96900000e+01 3.89280000e+02 -4.55189226e-01 -3.00274703e+04
258 5.19700000e+01 3.88280000e+02 2.47650108e+02 6.72000000e-01
259 4.26900000e+01 3.99660000e+02 9.10329670e+03 1.45172874e+00
260 4.24700000e+01 4.01560000e+02 7.88015355e+01 -4.63772646e+04
261 5.07900000e+01 4.09090000e+02 -7.19756924e+04 4.48000000e-01
262 3.95700000e+01 4.09630000e+02 1.13335713e+00 -2.81954010e+04
263 4.37600000e+01 4.15630000e+02 -6.37318908e+02 7.47000000e-01
264 3.71700000e+01 4.18250000e+02 -1.18314833e+02 4.03980077e+00
265 3.67100000e+01 4.25880000e+02 -1.00775042e+01 -5.00001629e+03
266 3.79300000e+01 4.29910000e+02 1.32859449e+03 3.26079882e+00
267 4.19400000e+01 4.32410000e+02 5.07213817e+01 -1.13261743e+04
268 4.30800000e+01 4.32440000e+02 -1.33361613e+04 1.64474656e+00
269 4.62500000e+01 4.30060000e+02 -1.08492544e+02 -5.28610349e+04
270 4.63100000e+01 4.26910000e+02 1.23848000e+05 3.74000000e-01
271 4.64900000e+01 4.35130000e+02 -2.19309075e+02 -2.64616623e+04
272 5.36200000e+01 4.40780000e+02 1.08225865e+05 8.93147724e-01
273 5.50800000e+01 4.45470000e+02 6.70290609e+02 -7.19233514e+04
274 5.90700000e+01 4.47810000e+02 -4.46688374e+05 6.72000000e-01
275 5.53100000e+01 4.50940000e+02 -3.94610962e+05 7.66000000e-01
276 3.87000000e+01 4.32090000e+02 2.00740564e+01 -2.86031892e+04
277 3.46500000e+01 4.36660000e+02 -1.10677727e+04 7.91934164e-01
278 3.19200000e+01 4.40630000e+02 -9.98414796e+01 -4.88476581e+04
279 3.15200000e+01 4.45130000e+02 1.04074749e+05 4.27000000e-01
280 2.37500000e+01 4.40310000e+02 6.72170977e+04 6.54000000e-01
281 3.86500000e+01 4.34840000e+02 -4.93113166e+03 1.76938748e+00
282 4.09700000e+01 4.39500000e+02 -1.17158455e+02 -1.84986097e+04
283 4.48100000e+01 4.42470000e+02 4.83665920e+04 1.07177843e+00
284 4.51800000e+01 4.44340000e+02 4.69716440e+02 -4.57526622e+04
285 3.69700000e+01 4.45690000e+02 -3.57866581e+05 5.85000000e-01
286 4.63800000e+01 4.45690000e+02 -1.78119680e+05 1.17534765e+00
287 4.50200000e+01 4.51440000e+02 -2.09436243e+03 -3.83941044e+04
288 4.67500000e+01 4.50880000e+02 1.72002987e+06 5.49000000e-01
289 1.45500000e+01 2.71580000e+02 -6.03021654e+01 -2.90997620e+03
290 6.29000000e+00 2.74310000e+02 2.79207888e+04 5.92000000e-01
291 1.37200000e+01 2.74690000e+02 -7.56012871e+00 -2.20453081e+03
292 6.59000000e+00 2.77810000e+02 2.51908135e+03 8.28000000e-01
293 1.19600000e+01 2.84580000e+02 -2.37018653e+00 -9.23998408e+02
294 3.30000000e-01 2.83970000e+02 3.14343026e-01 1.77100622e+03
295 -5.45000000e+00 2.91330000e+02 -1.20599280e+02 8.97000000e-01
296 1.15700000e+01 2.86220000e+02 1.85197207e+02 3.57310414e+00
297 1.12700000e+01 2.92470000e+02 1.16886577e+01 -4.60931035e+03
298 2.29000000e+00 3.02720000e+02 -8.88883875e-01 4.33540845e+03
299 -3.09000000e+00 2.99580000e+02 4.19165523e+02 5.85000000e-01
300 -5.99000000e+00 3.08720000e+02 3.77643199e+02 6.72000000e-01
301 1.21300000e+01 3.11630000e+02 -4.46920366e+03 8.19674844e-01
302 1.05600000e+01 3.22000000e+02 7.20375497e+02 1.99745624e+03
303 -4.14000000e+00 3.23440000e+02 -3.46757873e+05 6.72000000e-01
304 8.93000000e+00 3.31750000e+02 1.86534919e+02 -1.28092209e+03
305 1.00100000e+01 3.57530000e+02 -2.39236955e+04 2.78849334e+00
306 5.78000000e+00 3.67410000e+02 -1.80256472e+03 -4.87637722e+03
307 1.76600000e+01 3.85630000e+02 4.98489588e+05 1.39442723e+00
308 2.37500000e+01 3.98060000e+02 1.61284952e+04 -1.23029542e+04
309 2.03800000e+01 4.05690000e+02 -9.73689074e+06 6.72000000e-01
310 5.35000000e+00 3.70030000e+02 -1.73024524e+03 -3.85497193e+02
311 -7.58000000e+00 3.79060000e+02 1.18293692e+02 5.54329196e+03
312 -9.94000000e+00 3.83190000e+02 -3.19750596e+00 1.43045346e+04
313 -1.54600000e+01 3.86750000e+02 2.93257280e+03 4.18000000e-01
314 -1.25400000e+01 3.77250000e+02 -5.22906748e+04 8.53582913e-01
315 -1.78000000e+01 3.74660000e+02 1.02693737e+03 1.90768706e+04
316 -2.28900000e+01 3.76690000e+02 -8.55854464e+05 4.52000000e-01
317 2.41000000e+00 3.82750000e+02 2.78835826e+05 2.37500000e+00
318 0.00000000e+00 3.88160000e+02 1.73005332e+04 -6.25603067e+03
319 1.01600000e+01 3.96380000e+02 -1.11324708e+07 6.16000000e-01
320 -3.87000000e+00 3.96750000e+02 -1.24790498e+06 5.50041950e+00
321 6.42000000e+00 4.15220000e+02 -5.54740239e+04 -9.34050498e+03
322 1.51600000e+01 4.17780000e+02 3.41827790e+07 6.78000000e-01
323 1.01100000e+01 4.28000000e+02 -1.30333637e+03 -1.82173526e+04
324 8.27000000e+00 4.32630000e+02 1.13909494e+06 4.95000000e-01
325 1.60300000e+01 4.37410000e+02 8.93543310e+05 6.38000000e-01
326 -5.02000000e+00 3.99590000e+02 6.70196218e+05 7.44036312e+02
327 -1.88000000e+01 4.03720000e+02 -3.17499553e+04 8.52195601e+03
328 -2.60700000e+01 4.11840000e+02 1.03778400e+07 1.25998251e+00
329 -3.14000000e+01 4.19030000e+02 -1.96974877e+05 2.20770607e+04
330 -2.90600000e+01 4.27690000e+02 1.49634432e+08 5.63000000e-01
331 -3.38300000e+01 4.22000000e+02 2.54891897e+03 3.26112192e+04
332 -3.94600000e+01 4.19810000e+02 -2.10642160e+06 5.08000000e-01
333 -3.47800000e+01 4.23000000e+02 -5.41314230e+01 1.99236639e+04
334 -4.18200000e+01 4.28880000e+02 2.57807893e+04 9.00261564e-01
335 -4.28000000e+01 4.31090000e+02 -1.74857553e+02 6.35656052e+04
336 -4.04600000e+01 4.36880000e+02 1.51559162e+05 5.04000000e-01
337 -4.52500000e+01 4.37000000e+02 1.10091557e+05 6.94000000e-01
338 -8.63000000e+00 4.08630000e+02 -5.75162476e+07 4.76147701e+00
339 -8.26000000e+00 4.12810000e+02 1.56148744e+07 1.52055544e+03
340 -2.37100000e+01 4.33340000e+02 -2.62113071e+05 2.58153849e+04
341 -4.08800000e+01 4.48970000e+02 1.65514632e+08 7.11000000e-01
342 -2.74800000e+01 4.46590000e+02 4.22081877e+03 2.77331773e+04
343 -3.23500000e+01 4.51780000e+02 -3.61838200e+06 5.27000000e-01
344 -7.09000000e+00 4.25030000e+02 -3.34473790e+09 1.98424818e+00
345 -6.03000000e+00 4.30310000e+02 2.88018086e+08 4.99716593e+03
346 -1.17100000e+01 4.43250000e+02 -1.27791808e+11 9.99000000e-01
347 -4.12000000e+00 4.38380000e+02 1.39904244e+10 -9.02484193e+00
348 -2.07000000e+00 4.41090000e+02 7.20867897e+10 -8.56056471e+01
349 1.15000000e+00 4.50500000e+02 -1.60330498e+13 2.02550975e+00
350 -4.70000000e-01 4.57840000e+02 4.80483128e+13 1.52774803e+02
351 -8.40000000e-01 4.58630000e+02 -8.70394060e+15 2.53177253e+00
352 2.58000000e+00 4.64530000e+02 -5.64487074e+15 -7.16268222e+02
353 7.70000000e-01 4.69160000e+02 5.25465785e+18 5.04000000e-01
354 -5.12000000e+00 4.60030000e+02 7.72702970e+14 5.18190553e+03
355 -5.96000000e+00 4.65090000e+02 -6.71731634e+17 5.35000000e-01
356 -8.30000000e-01 4.42250000e+02 -1.46414760e+13 2.17740224e+00
357 5.37000000e+00 4.44880000e+02 -1.60429746e+12 -4.06015719e+03
358 1.02600000e+01 4.54160000e+02 6.34985654e+14 1.14743968e+00
359 1.50900000e+01 4.56660000e+02 1.70608601e+13 -1.69963617e+04
360 1.23000000e+01 4.61090000e+02 -1.56083174e+16 5.04000000e-01
361 1.87100000e+01 4.59660000e+02 -5.23823940e+15 1.49710510e+00
362 2.21900000e+01 4.59630000e+02 -1.15223586e+14 -2.08954785e+04
363 2.16400000e+01 4.64030000e+02 5.22158931e+16 1.02396412e+00
364 1.77600000e+01 4.64780000e+02 1.48463695e+15 -1.63466919e+04
365 1.42300000e+01 4.66410000e+02 -1.70554069e+18 4.06000000e-01
366 2.82400000e+01 4.61410000e+02 4.52475348e+16 1.17498810e+00
367 3.63400000e+01 4.64310000e+02 4.17099223e+14 -5.03690291e+04
368 4.29800000e+01 4.64000000e+02 -3.61070969e+17 5.36000000e-01
369 3.45800000e+01 4.66840000e+02 -1.58773812e+17 1.22638991e+00
370 3.25400000e+01 4.69000000e+02 -3.52478796e+15 -2.11260701e+04
371 3.03500000e+01 4.67780000e+02 2.45360910e+18 6.72000000e-01
372 -5.60000000e+00 2.45590000e+02 4.07256896e+02 3.05038878e+03
373 -1.78400000e+01 2.41840000e+02 -6.95468958e+04 1.41612369e+00
374 -2.02400000e+01 2.42160000e+02 3.13416316e+03 5.37352385e+03
375 -2.06600000e+01 2.36750000e+02 -8.11611621e+01 9.14302587e+03
376 -2.35800000e+01 2.33410000e+02 3.14662074e+04 6.02000000e-01
377 -2.58200000e+01 2.38970000e+02 -6.52118829e+05 1.14851766e+00
378 -3.27500000e+01 2.40810000e+02 9.56807334e+03 1.64125654e+04
379 -3.37500000e+01 2.36810000e+02 -4.65260160e+06 4.87000000e-01
380 -3.74700000e+01 2.42190000e+02 -1.30935619e+02 1.76990972e+04
381 -4.30500000e+01 2.40090000e+02 5.38258609e+04 5.84000000e-01
382 -9.99000000e+00 2.48190000e+02 -4.29718451e+01 2.35200377e+03
383 -7.78000000e+00 2.55810000e+02 7.94498577e+03 1.38362998e+00
384 -1.00600000e+01 2.61160000e+02 -4.29324021e+02 4.83282693e+03
385 -9.10000000e+00 2.63910000e+02 2.27980488e+05 4.97000000e-01
386 -1.15100000e+01 2.49410000e+02 3.40112298e+03 3.15143196e+00
387 -1.52500000e+01 2.53970000e+02 -1.02910628e+02 8.39352889e+03
388 -3.19400000e+01 2.53630000e+02 2.58685258e+04 1.00900000e+00
389 -2.21200000e+01 2.64410000e+02 1.68238762e+03 1.61723644e+01
390 -2.26600000e+01 2.65160000e+02 -9.63614431e+02 4.62964779e+02
391 -1.63100000e+01 2.76220000e+02 4.81772584e+01 5.52083039e+03
392 -1.29000000e+01 2.75580000e+02 -2.06302778e+04 6.44000000e-01
393 -2.32100000e+01 2.65910000e+02 1.90678849e+04 1.34376124e+01
394 -3.45100000e+01 2.65720000e+02 -6.56018989e+02 7.72376710e+03
395 -4.52700000e+01 2.66500000e+02 1.11910536e+05 1.56215567e+00
396 -5.44300000e+01 2.64880000e+02 -1.16818221e+03 2.53758241e+04
397 -6.08600000e+01 2.57250000e+02 4.87046359e+05 6.17000000e-01
398 -2.73500000e+01 2.75380000e+02 -6.54822826e+03 8.01889660e+02
399 -3.57600000e+01 2.74580000e+02 1.00252681e+02 1.79289967e+04
400 -3.94200000e+01 2.76520000e+02 -4.56097718e+04 6.08000000e-01
401 -2.81100000e+01 2.76810000e+02 1.86005731e+05 9.74487790e+00
402 -2.31400000e+01 2.83020000e+02 -6.82687242e+03 7.71125283e+03
403 -1.97600000e+01 2.83690000e+02 2.66396320e+06 7.27000000e-01
404 -3.02400000e+01 2.81560000e+02 -3.71371739e+04 1.41022760e+03
405 -3.08800000e+01 2.82690000e+02 1.69254035e+06 6.20268279e+00
406 -4.14600000e+01 2.86130000e+02 -8.37554554e+04 5.78215338e+03
407 -4.69200000e+01 2.89190000e+02 1.03191393e+07 2.34721367e+00
408 -5.10600000e+01 2.92500000e+02 -2.04364596e+05 1.47694305e+04
409 -5.64600000e+01 2.92220000e+02 3.84812180e+07 1.55191069e+00
410 -5.99600000e+01 2.88500000e+02 -3.85653366e+05 2.87870732e+04
411 -6.51100000e+01 2.81630000e+02 1.70504796e+08 6.37000000e-01
412 -5.48100000e+01 2.95690000e+02 1.54248359e+07 3.91761435e+00
413 -5.78400000e+01 2.97880000e+02 -7.01001825e+05 6.55454810e+03
414 -6.25300000e+01 2.99880000e+02 7.34661687e+07 2.86140449e+00
415 -6.86900000e+01 3.02660000e+02 -1.61542627e+06 1.37643363e+04
416 -7.87200000e+01 3.01440000e+02 2.82436011e+08 1.72412185e+00
417 -7.81600000e+01 3.01630000e+02 -2.29866577e+06 3.70611400e+04
418 -8.61200000e+01 2.99060000e+02 5.47281560e+08 1.25609748e+00
419 -9.00800000e+01 2.99310000e+02 -3.36034690e+06 4.87470037e+04
420 -9.62900000e+01 2.96660000e+02 1.70116129e+09 5.86000000e-01
421 -8.68500000e+01 3.07060000e+02 4.38193517e+08 1.61076850e+00
422 -9.43100000e+01 3.13720000e+02 -3.07942803e+06 4.46414297e+04
423 -1.01460000e+02 3.11500000e+02 1.35486135e+09 7.08000000e-01
424 -9.67700000e+01 3.15970000e+02 3.28022984e+04 2.96627862e+04
425 -1.02010000e+02 3.22270000e+02 -9.53806981e+06 1.10831535e+00
426 -1.04390000e+02 3.24910000e+02 4.31552811e+04 7.18108243e+04
427 -1.06520000e+02 3.28310000e+02 -2.90930205e+07 4.87000000e-01
428 -3.25300000e+01 2.86380000e+02 -4.97946598e+04 9.73418336e+03
429 -2.40200000e+01 2.91250000e+02 1.57211266e+07 9.22495977e-01
430 -2.30200000e+01 2.93020000e+02 -1.71072113e+05 2.69278592e+04
431 -2.42400000e+01 2.97270000e+02 1.00901971e+08 5.04000000e-01
432 -2.17500000e+01 2.94410000e+02 9.93398951e+07 5.07000000e-01
433 -3.64500000e+01 3.01580000e+02 2.93358614e+06 5.11900881e+00
434 -4.74700000e+01 3.16160000e+02 -2.49289296e+04 3.72051499e+04
435 -5.75000000e+01 3.15250000e+02 1.50552277e+07 5.22000000e-01
436 -5.01300000e+01 3.19880000e+02 1.23184814e+06 6.47339881e+00
437 -5.63800000e+01 3.28660000e+02 -9.36974168e+04 4.32092527e+03
438 -6.11800000e+01 3.26160000e+02 1.50136841e+03 2.03539311e+04
439 -6.59700000e+01 3.28380000e+02 -4.63226749e+05 1.06437045e+00
440 -7.40500000e+01 3.33160000e+02 2.88608439e+03 5.34722114e+04
441 -7.72300000e+01 3.32440000e+02 -1.56775976e+06 6.12000000e-01
442 -7.91100000e+01 3.36190000e+02 -4.20279199e+05 2.30869952e+00
443 -8.89700000e+01 3.36250000e+02 4.23202513e+03 3.33924408e+04
444 -9.63200000e+01 3.33500000e+02 -1.46714400e+06 9.62000000e-01
445 -8.80700000e+01 3.45160000e+02 3.05794215e+03 4.74377125e+04
446 -9.22400000e+01 3.45590000e+02 -1.57262964e+06 6.72000000e-01
447 -9.17600000e+01 3.48660000e+02 -1.91177325e+01 5.58495480e+04
448 -1.00170000e+02 3.51250000e+02 1.06437041e+04 6.30000000e-01
449 -6.26500000e+01 3.37340000e+02 6.45775560e+06 4.89455857e+00
450 -6.64600000e+01 3.42840000e+02 -2.79605388e+05 7.91822160e+03
451 -6.23700000e+01 3.57130000e+02 1.45962135e+03 6.84096287e+04
452 -6.37600000e+01 3.60500000e+02 -1.56610380e+06 3.36000000e-01
453 -7.24500000e+01 3.51440000e+02 3.05489990e+07 3.21661920e+00
454 -7.71300000e+01 3.59380000e+02 -4.08595057e+05 2.68693907e+04
455 -9.01300000e+01 3.62750000e+02 1.04058201e+08 1.42437447e+00
456 -9.67300000e+01 3.64250000e+02 -6.28646305e+05 6.02933641e+04
457 -1.01730000e+02 3.63310000e+02 3.72583171e+08 6.13000000e-01
458 -8.07000000e+01 3.66380000e+02 1.98146323e+07 7.55507538e+00
459 -8.02100000e+01 3.68880000e+02 -9.08420209e+04 8.04608206e+04
460 -7.63700000e+01 3.69750000e+02 5.39146517e+07 6.23000000e-01
461 -7.94600000e+01 3.73190000e+02 4.01674467e+07 8.44000000e-01
462 -8.78500000e+01 3.79470000e+02 -1.12828269e+06 6.66416202e+03
463 -8.96100000e+01 3.82690000e+02 8.38811879e+07 5.14754866e+00
464 -1.05570000e+02 3.86190000e+02 -7.29782831e+05 4.43886510e+04
465 -1.22450000e+02 3.91280000e+02 2.64544409e+08 1.07940074e+00
466 -1.28810000e+02 3.92000000e+02 -4.91670869e+05 2.10916308e+05
467 -1.31120000e+02 3.97030000e+02 4.76117299e+08 4.10000000e-01
468 -1.29860000e+02 3.85910000e+02 3.17823639e+08 5.97000000e-01
469 -9.36300000e+01 3.92440000e+02 -1.89395076e+06 1.73807758e+04
470 -9.50800000e+01 4.06530000e+02 3.46081679e+08 2.22475747e+00
471 -9.57400000e+01 4.13530000e+02 -4.39472932e+06 3.25651812e+04
472 -9.46600000e+01 4.18630000e+02 1.51185510e+09 1.21689277e+00
473 -9.37400000e+01 4.21660000e+02 -7.67528172e+06 8.30573838e+04
474 -9.58400000e+01 4.22910000e+02 6.65154385e+09 4.88000000e-01
475 -9.52600000e+01 3.95280000e+02 9.32353787e+04 8.02957985e+03
476 -9.98800000e+01 3.99840000e+02 -7.49342872e+06 4.97492296e+00
477 -9.97700000e+01 4.00630000e+02 2.41838888e+05 1.24136060e+04
478 -1.08950000e+02 4.01810000e+02 -4.70746510e+03 2.06421399e+04
479 -1.21280000e+02 4.08280000e+02 8.01200767e+05 2.39888198e+00
480 -1.23230000e+02 4.14160000e+02 -3.35703735e+03 9.88436248e+04
481 -1.25930000e+02 4.16000000e+02 2.63498586e+06 5.30000000e-01
482 -1.26710000e+02 4.10720000e+02 -6.28853316e+03 5.23279484e+04
483 -1.36720000e+02 4.13130000e+02 2.40684305e+06 1.07942493e+00
484 -1.45030000e+02 4.16720000e+02 -4.81968771e+03 2.08098187e+05
485 -1.45250000e+02 4.07380000e+02 4.00707477e+06 4.90000000e-01
486 -1.48240000e+02 4.18310000e+02 2.83964264e+06 7.10000000e-01
487 -1.02240000e+02 4.08060000e+02 -2.93541292e+07 3.36186999e+00
488 -1.10420000e+02 4.17190000e+02 4.39400151e+05 2.78703831e+04
489 -1.11750000e+02 4.19030000e+02 -1.09581258e+08 1.68023097e+00
490 -1.10920000e+02 4.19530000e+02 5.27982379e+05 8.70722790e+04
491 -1.09180000e+02 4.28840000e+02 -2.07971065e+08 1.08870888e+00
492 -1.02660000e+02 4.29030000e+02 1.18451717e+06 7.53267503e+04
493 -9.70800000e+01 4.27530000e+02 -9.19086404e+08 5.51000000e-01
494 -1.13460000e+02 4.28590000e+02 -2.05058435e+08 1.10352910e+00
495 -1.15770000e+02 4.31750000e+02 5.64196957e+05 1.56920349e+05
496 -1.16710000e+02 4.41000000e+02 -7.58569653e+08 3.28000000e-01
497 -1.24400000e+02 4.39440000e+02 -7.36456766e+03 3.36651342e+04
498 -1.30280000e+02 4.40750000e+02 1.90302032e+06 1.70568504e+00
499 -1.36930000e+02 4.39720000e+02 -1.25452698e+04 6.67019577e+04
500 -1.39220000e+02 4.39340000e+02 6.01052581e+06 9.17000000e-01
501 -1.17720000e+02 4.20060000e+02 3.35854070e+05 1.37055684e+05
502 -1.21280000e+02 4.30380000e+02 -2.85098340e+08 5.07000000e-01
503 -1.24630000e+02 4.22060000e+02 -9.19013699e+07 1.54242034e+00
504 -1.30690000e+02 4.27750000e+02 4.37686830e+05 8.98149430e+04
505 -1.37380000e+02 4.28910000e+02 -1.58020964e+08 1.18799570e+00
506 -1.44680000e+02 4.31030000e+02 5.95249898e+05 1.14425528e+05
507 -1.53190000e+02 4.35470000e+02 -4.44619972e+08 5.83000000e-01
508 -1.32940000e+02 4.29000000e+02 -1.32401418e+08 1.41816925e+00
509 -1.35400000e+02 4.33470000e+02 3.89351418e+05 1.47404246e+05
510 -1.31000000e+02 4.34000000e+02 -3.35274781e+08 5.04000000e-01
511 -1.35780000e+02 4.34470000e+02 -9.92096709e+07 1.70509057e+00
512 -1.37880000e+02 4.38560000e+02 5.67059877e+05 7.67280503e+04
513 -1.39590000e+02 4.38630000e+02 -3.11691031e+08 7.98000000e-01
514 -3.50000000e+01 3.12310000e+02 -1.27537358e+05 7.18368909e+03
515 -2.67900000e+01 3.12270000e+02 1.99064802e+07 2.00065867e+00
516 -2.52200000e+01 3.10770000e+02 -9.91897392e+05 6.23687209e+03
517 -2.03400000e+01 3.10270000e+02 3.04106709e+08 1.01200000e+00
518 -3.44700000e+01 3.18160000e+02 1.10999429e+07 3.65562848e+00
519 -3.32600000e+01 3.22880000e+02 -4.90796590e+05 7.30231254e+03
520 -1.95200000e+01 3.21940000e+02 1.34245566e+08 1.17700000e+00
521 -3.14200000e+01 3.28500000e+02 3.06329150e+07 5.26318362e+00
522 -3.23100000e+01 3.32470000e+02 -3.07768708e+06 3.30914913e+03
523 -2.58200000e+01 3.37160000e+02 9.19638332e+04 1.12834808e+04
524 -2.27800000e+01 3.35810000e+02 -4.55492609e+07 6.78000000e-01
525 -3.34600000e+01 3.35940000e+02 3.04100826e+08 3.39991898e+00
526 -3.42300000e+01 3.37440000e+02 -1.01803947e+07 1.00797451e+04
527 -2.95000000e+01 3.49130000e+02 3.47757363e+09 1.02205778e+00
528 -2.88500000e+01 3.53310000e+02 -6.24465886e+07 1.96753989e+04
529 -2.83100000e+01 3.54440000e+02 4.33991546e+10 5.10000000e-01
530 -3.77200000e+01 3.51190000e+02 1.80990096e+05 1.97538501e+04
531 -4.66600000e+01 3.55440000e+02 -7.65847002e+07 8.40000000e-01
532 -3.87000000e+01 3.53440000e+02 -3.73548791e+04 1.71247655e+03
533 -4.15900000e+01 3.60060000e+02 1.53627854e+06 8.75489596e+00
534 -3.71800000e+01 3.65310000e+02 -3.95105627e+04 1.42042789e+04
535 -3.45600000e+01 3.67000000e+02 1.62377916e+07 8.93000000e-01
536 -4.56000000e+01 3.70720000e+02 -1.90609463e+05 2.98793925e+03
537 -5.10500000e+01 3.76440000e+02 2.10166716e+03 3.41399381e+04
538 -6.02700000e+01 3.74410000e+02 -1.19048324e+06 6.61000000e-01
539 -6.02100000e+01 3.86030000e+02 -9.44452689e+00 8.64010895e+04
540 -6.65800000e+01 3.95310000e+02 6.93883350e+03 5.35000000e-01
541 -6.64400000e+01 3.86380000e+02 5.25790768e+03 6.90000000e-01
542 -4.65400000e+01 3.72810000e+02 1.22263392e+07 5.81213048e+00
543 -4.03600000e+01 3.76590000e+02 -1.65275408e+05 2.78584642e+04
544 -3.81000000e+01 3.76560000e+02 1.20846760e+08 5.15000000e-01
545 -5.07600000e+01 3.85380000e+02 -7.52836442e+05 6.25871281e+03
546 -5.22200000e+01 3.89380000e+02 9.01986748e+07 3.24993051e+00
547 -4.51600000e+01 3.95590000e+02 -1.58016428e+06 2.25810035e+04
548 -3.70300000e+01 3.92090000e+02 9.63556127e+08 6.43000000e-01
549 -5.49200000e+01 3.96690000e+02 -1.10988664e+06 3.22383500e+04
550 -4.57800000e+01 4.04880000e+02 5.34965336e+08 8.40000000e-01
551 -5.78700000e+01 4.03530000e+02 1.95061696e+08 2.29605579e+00
552 -5.77600000e+01 4.04250000e+02 -1.73264429e+06 4.55106065e+04
553 -4.98800000e+01 4.10560000e+02 1.58078760e+09 4.50000000e-01
554 -6.26500000e+01 4.12810000e+02 2.06688528e+04 3.46052973e+04
555 -5.58500000e+01 4.16340000e+02 -1.28054809e+07 6.72000000e-01
556 -6.26500000e+01 4.13970000e+02 -5.49750151e+02 1.55645408e+04
557 -7.57400000e+01 4.22090000e+02 9.20921024e+04 2.51961201e+00
558 -8.65900000e+01 4.30280000e+02 -1.65977648e+03 2.38739321e+04
559 -9.20500000e+01 4.34440000e+02 4.30459771e+05 1.67512365e+00
560 -9.70400000e+01 4.40470000e+02 -2.96815532e+03 6.38793873e+04
561 -1.01670000e+02 4.41690000e+02 1.86487789e+06 7.03000000e-01
562 -6.31300000e+01 4.15310000e+02 2.50337586e+04 9.11988548e+00
563 -6.31100000e+01 4.22690000e+02 -1.58313343e+02 6.68457072e+04
564 -5.71000000e+01 4.22630000e+02 1.34881569e+05 4.96000000e-01
565 -6.20900000e+01 4.27530000e+02 4.63782355e+04 1.45924938e+00
566 -6.09700000e+01 4.31970000e+02 -3.17396786e+02 6.31210310e+04
567 -5.52300000e+01 4.31310000e+02 2.68945791e+05 5.09000000e-01
568 -5.98400000e+01 4.36380000e+02 8.65604824e+04 1.60007851e+00
569 -5.87700000e+01 4.39560000e+02 -7.08561505e+02 5.36979742e+04
570 -6.28500000e+01 4.40840000e+02 6.05356519e+05 5.16000000e-01
571 -5.69100000e+01 4.40840000e+02 1.90676851e+01 1.63871242e+04
572 -5.95600000e+01 4.46190000e+02 -1.53419323e-01 5.64267239e+04
573 -6.37600000e+01 4.46030000e+02 1.33431787e+02 5.04000000e-01
574 -5.63300000e+01 4.42590000e+02 -5.54470633e+03 1.52152957e+00
575 -5.52900000e+01 4.46810000e+02 4.16683222e+01 5.94521462e+04
576 -4.99200000e+01 4.43750000e+02 -3.73576323e+04 4.95000000e-01
577 -5.47800000e+01 4.47810000e+02 -1.11810384e+04 1.66881809e+00
578 -5.48900000e+01 4.50690000e+02 1.38876963e+02 3.62829536e+04
579 -5.05100000e+01 4.53970000e+02 -9.97625074e+04 6.32000000e-01
580 -5.64400000e+01 4.51500000e+02 -1.18599924e+00 5.33113031e+04
581 -5.98900000e+01 4.48630000e+02 1.04701357e+03 5.04000000e-01
582 -5.93200000e+01 4.53060000e+02 -8.21048756e-03 1.00644164e+05
583 -6.21100000e+01 4.50880000e+02 -4.65884002e+00 5.04000000e-01
584 -6.13600000e+01 4.54030000e+02 -3.96794876e+00 6.18000000e-01
585 -6.38400000e+01 4.17470000e+02 -2.80643878e+03 3.72390157e+03
586 -6.85600000e+01 4.27690000e+02 1.52369626e+05 7.87742267e+00
587 -7.31700000e+01 4.37530000e+02 -1.37801726e+04 4.83784574e+03
588 -8.17800000e+01 4.43090000e+02 3.39682507e+02 1.79755583e+04
589 -8.34800000e+01 4.44560000e+02 -7.31370994e+04 2.06470003e+00
590 -8.61400000e+01 4.42190000e+02 4.26783153e+02 7.57797988e+04
591 -8.67900000e+01 4.40060000e+02 -3.72627250e+05 5.04000000e-01
592 -8.45800000e+01 4.45060000e+02 3.36425835e+02 9.67551026e+04
593 -8.82100000e+01 4.44440000e+02 -2.83177269e+05 5.28000000e-01
594 -8.76700000e+01 4.47380000e+02 -8.63572119e+04 1.74289461e+00
595 -9.29100000e+01 4.52250000e+02 5.29693579e+02 7.37303826e+04
596 -9.63400000e+01 4.53060000e+02 -4.05382218e+05 5.92000000e-01
597 -7.52800000e+01 4.43030000e+02 8.84911348e+05 6.89902315e+00
598 -7.82000000e+01 4.47000000e+02 -6.36980650e+04 6.20985188e+03
599 -7.80900000e+01 4.48410000e+02 5.06424104e+06 5.64010219e+00
600 -8.16200000e+01 4.55130000e+02 -3.37348346e+04 6.83237267e+04
601 -8.35600000e+01 4.56250000e+02 2.75833471e+07 5.58000000e-01
602 -7.76400000e+01 4.52030000e+02 -2.39736196e+05 9.54878444e+03
603 -7.75300000e+01 4.53410000e+02 2.95220975e+07 3.68194607e+00
604 -6.79300000e+01 4.57500000e+02 -2.77431694e+05 4.86835563e+04
605 -6.42900000e+01 4.58130000e+02 2.10082255e+08 6.05000000e-01
606 -7.49400000e+01 4.55590000e+02 -7.88114414e+05 1.70660160e+04
607 -7.42500000e+01 4.59000000e+02 1.81133339e+08 1.99711714e+00
608 -7.42100000e+01 4.60440000e+02 -2.65589940e+06 3.14021819e+04
609 -6.94000000e+01 4.61970000e+02 1.20170992e+09 1.02100000e+00
610 4.84600000e+01 5.28400000e+01 4.63378811e+01 -1.27021989e+01
611 4.40400000e+01 3.26200000e+01 -8.66146589e+00 8.87811099e+01
612 4.26600000e+01 1.83700000e+01 -3.41737932e+01 -9.21967537e+00
613 3.93700000e+01 8.53000000e+00 7.06850307e+00 2.79234360e+01
614 3.69400000e+01 -1.06500000e+01 7.93859750e+00 1.60494453e+01
615 3.54500000e+01 -2.99600000e+01 2.30424597e+00 7.99673514e+01
616 3.68400000e+01 -3.77500000e+01 7.07867004e+00 1.81599041e+01
617 3.54600000e+01 -6.11200000e+01 2.50977628e+00 1.56565066e+02
618 3.48400000e+01 -8.69000000e+01 1.31637756e+01 1.97884593e+01
619 3.51300000e+01 -1.13530000e+02 5.70910640e+00 2.55129972e+02
620 3.48300000e+01 -1.50750000e+02 4.32184684e+01 2.09902341e+01
621 3.15300000e+01 -1.73530000e+02 2.14986977e+01 3.46286066e+02
622 3.26200000e+01 -1.82690000e+02 2.28259818e+02 1.74390128e+01
623 3.51400000e+01 -1.95940000e+02 8.31489995e+01 5.36616377e+02
624 3.60600000e+01 -2.03130000e+02 1.22872988e+03 1.37938447e+01
625 3.83200000e+01 -2.13250000e+02 2.40434571e+02 1.08871690e+03
626 4.17700000e+01 -2.23560000e+02 6.23946388e+03 8.62512348e+00
627 4.12700000e+01 -2.23630000e+02 4.90485256e+02 2.84314820e+03
628 5.35500000e+01 -2.19470000e+02 2.59864265e+04 4.14503310e+00
629 5.67800000e+01 -2.18310000e+02 1.31871825e+03 4.30100605e+03
630 6.36800000e+01 -2.18470000e+02 8.90676250e+04 3.23538372e+00
631 6.73000000e+01 -2.20310000e+02 3.18174043e+03 6.16659598e+03
632 7.24400000e+01 -2.22410000e+02 2.70844222e+05 2.61302988e+00
633 7.94100000e+01 -2.26410000e+02 6.23456434e+03 9.83529770e+03
634 8.16600000e+01 -2.24000000e+02 7.50881881e+05 1.85996348e+00
635 8.21800000e+01 -2.24660000e+02 7.68368076e+03 2.19540555e+04
636 8.48500000e+01 -2.29750000e+02 1.98804089e+06 8.88000000e-01
637 4.05200000e+01 -2.24190000e+02 2.89930631e+01 3.75463257e+03
638 5.31100000e+01 -2.32780000e+02 1.49743147e+03 4.55507923e+00
639 6.15300000e+01 -2.42000000e+02 6.96384354e+01 5.18088014e+03
640 7.36300000e+01 -2.42410000e+02 4.92089246e+03 3.44610602e+00
641 8.24100000e+01 -2.43560000e+02 1.16803881e+02 1.02349283e+04
642 8.63700000e+01 -2.43940000e+02 1.38759813e+04 2.05874999e+00
643 8.69200000e+01 -2.46000000e+02 2.02316538e+02 1.68530602e+04
644 8.79600000e+01 -2.51160000e+02 3.88038685e+04 1.31100000e+00
645 4.04600000e+01 -2.26910000e+02 7.49739760e+02 8.86901139e+00
646 4.08500000e+01 -2.28530000e+02 6.37729689e+01 2.67490545e+03
647 4.75600000e+01 -2.33720000e+02 3.57007421e+03 4.19522560e+00
648 5.01200000e+01 -2.46970000e+02 1.87495662e+02 4.69540102e+03
649 5.65700000e+01 -2.49690000e+02 1.55817711e+04 3.00926691e+00
650 6.06200000e+01 -2.53630000e+02 5.13847324e+02 7.68649949e+03
651 6.45700000e+01 -2.55880000e+02 6.11964817e+04 2.14983452e+00
652 6.92500000e+01 -2.57830000e+02 1.09358068e+03 1.44241635e+04
653 7.08400000e+01 -2.59880000e+02 2.22718716e+05 1.27640078e+00
654 7.26500000e+01 -2.67910000e+02 1.33761123e+03 4.46004281e+04
655 7.56400000e+01 -2.72410000e+02 7.88838580e+05 4.62000000e-01
656 4.08400000e+01 -2.31090000e+02 3.09351812e+01 4.73930450e+02
657 3.89600000e+01 -2.37160000e+02 3.77779020e+02 1.96059286e+01
658 3.39300000e+01 -2.59660000e+02 1.92472484e+02 5.09295345e+02
659 3.04500000e+01 -2.73810000e+02 3.21124687e+03 1.64344178e+01
660 2.70500000e+01 -2.88190000e+02 1.69578859e+03 5.45699092e+02
661 2.45600000e+01 -3.00580000e+02 3.75215311e+04 1.35866346e+01
662 2.33500000e+01 -3.07380000e+02 1.68703146e+04 6.83643472e+02
663 2.76200000e+01 -3.18310000e+02 4.27310594e+02 1.25607135e+04
664 2.87500000e+01 -3.23720000e+02 1.86773948e+05 7.41000000e-01
665 2.17500000e+01 -3.12190000e+02 5.27335211e+05 9.98761084e+00
666 1.73400000e+01 -3.18520000e+02 2.04961448e+05 8.19503816e+02
667 1.18200000e+01 -3.30840000e+02 1.41608382e+07 4.78852487e+00
668 9.86000000e+00 -3.37880000e+02 3.49787747e+06 1.36787632e+03
669 1.02800000e+01 -3.42060000e+02 4.80782190e+08 2.48861974e+00
670 1.03900000e+01 -3.46500000e+02 7.38812638e+07 2.25484811e+03
671 1.01600000e+01 -3.49060000e+02 1.63887413e+10 1.57357991e+00
672 1.28300000e+01 -3.54880000e+02 8.74466329e+08 6.65095537e+03
673 1.88600000e+01 -3.55780000e+02 3.08342548e+11 1.00900000e+00
674 8.04000000e+00 -3.41940000e+02 -2.06476793e+07 -5.79273003e+01
675 -1.22000000e+00 -3.52690000e+02 -1.02272524e+09 7.12041671e+00
676 -8.57000000e+00 -3.64160000e+02 5.30864418e+08 -7.01564490e+02
677 -1.76500000e+01 -3.78250000e+02 2.11810539e+10 9.48014521e+00
678 -2.95100000e+01 -3.91250000e+02 -4.99211472e+09 -1.66003544e+03
679 -3.90000000e+01 -4.01590000e+02 -2.12726096e+11 9.42424736e+00
680 -4.28200000e+01 -4.07630000e+02 3.76480844e+10 -2.30326562e+03
681 -4.61400000e+01 -4.17060000e+02 1.88100292e+12 8.34741400e+00
682 -4.74500000e+01 -4.23030000e+02 -2.46707269e+11 -3.22536369e+03
683 -4.78200000e+01 -4.24660000e+02 -1.66508714e+13 6.29196551e+00
684 -4.91800000e+01 -4.30530000e+02 8.51070987e+11 -8.42315128e+03
685 -4.92900000e+01 -4.54590000e+02 1.45458155e+14 2.65979148e+00
686 -5.47000000e+01 -4.59380000e+02 -3.94303678e+12 -1.69464732e+04
687 -6.09200000e+01 -4.67660000e+02 -1.09696644e+15 1.68100000e+00
688 -5.43600000e+01 -4.41130000e+02 5.06706892e+11 -1.44959523e+04
689 -5.98900000e+01 -4.51030000e+02 1.22651938e+14 1.86332164e+00
690 -6.59100000e+01 -4.59310000e+02 -1.69587870e+12 -3.32189216e+04
691 -6.81000000e+01 -4.63910000e+02 -8.27271383e+14 9.51000000e-01
692 1.16900000e+01 8.71000000e+00 -1.04771282e+01 -4.45969162e+00
693 1.02300000e+01 5.15000000e+00 1.38088600e+01 4.14620120e+00
694 9.34000000e+00 2.46000000e+00 -4.41253199e+00 6.84881608e+00
695 6.10000000e+00 1.00000000e+00 1.11446146e+00 6.71670120e+00
696 3.88000000e+00 3.70000000e-01 4.46832885e-01 6.31591532e+00
697 2.50000000e-01 8.70000000e-01 5.31335816e-01 2.97600000e+00
698 0.00000000e+00 0.00000000e+00 0.00000000e+00 3.30400000e+00
