305
0 0.000000 0.000000 0.000000 7.963790 -1
1 7.710000 0.880000 -1.750000 7.963790 0
2 -7.710000 -0.880000 1.750000 7.963790 0
3 -5.780000 5.850000 8.490000 0.765000 0
4 -10.170000 10.830000 9.490000 0.765000 3
5 -8.500000 13.200000 17.350000 0.255000 4
6 -8.680000 13.350000 17.390000 0.255000 5
7 -9.340000 17.940000 22.200000 0.255000 6
8 -9.290000 18.110000 22.510000 0.255000 7
9 -11.120000 22.570000 14.380000 0.255000 8
10 -10.990000 23.100000 14.430000 0.255000 9
11 -10.370000 27.960000 14.210000 0.170000 10
12 -10.350000 27.790000 14.210000 0.170000 11
13 -8.900000 33.510000 11.100000 0.085000 12
14 -9.190000 33.520000 9.840000 0.085000 13
15 -7.440000 40.410000 8.670000 0.085000 14
16 -7.200000 41.290000 8.620000 0.085000 15
17 -6.720000 50.750000 8.530000 0.085000 16
18 -1.140000 52.200000 9.130000 0.085000 17
19 -0.500000 52.440000 8.900000 0.085000 18
20 2.230000 54.630000 2.000000 0.085000 19
21 2.380000 54.820000 1.960000 0.085000 20
22 4.690000 58.540000 0.120000 0.085000 21
23 -7.250000 55.290000 3.060000 0.085000 17
24 -7.010000 56.170000 3.010000 0.085000 23
25 -7.030000 61.130000 3.090000 0.085000 24
26 -7.180000 62.480000 3.130000 0.085000 25
27 -8.600000 66.950000 2.990000 0.085000 26
28 -8.370000 67.660000 2.790000 0.085000 27
29 -7.590000 72.550000 2.540000 0.085000 28
30 -7.440000 72.730000 2.500000 0.085000 29
31 -6.960000 77.410000 2.330000 0.085000 30
32 -7.000000 77.920000 2.410000 0.085000 31
33 -15.090000 11.690000 15.270000 0.595000 4
34 -15.270000 11.670000 15.230000 0.595000 33
35 -18.000000 13.750000 15.860000 0.595000 34
36 -17.980000 13.580000 15.850000 0.595000 35
37 -17.660000 17.050000 14.390000 0.340000 36
38 -19.580000 19.390000 14.830000 0.340000 37
39 -19.060000 23.990000 17.890000 0.085000 38
40 -18.880000 26.920000 17.860000 0.085000 39
41 -15.480000 39.010000 21.140000 0.085000 40
42 -15.430000 39.180000 21.440000 0.085000 41
43 -18.280000 53.520000 23.820000 0.085000 42
44 -18.270000 53.690000 23.970000 0.085000 43
45 -20.430000 59.770000 24.470000 0.085000 44
46 -20.480000 60.450000 24.560000 0.085000 45
47 -21.500000 70.570000 25.960000 0.085000 46
48 -21.530000 70.910000 25.970000 0.085000 47
49 -22.190000 76.990000 26.130000 0.085000 48
50 -22.040000 77.180000 26.100000 0.085000 49
51 -21.100000 79.510000 26.040000 0.085000 50
52 -21.080000 79.680000 26.200000 0.085000 51
53 -22.740000 88.360000 27.900000 0.085000 52
54 -22.960000 89.350000 28.190000 0.085000 53
55 -25.730000 96.900000 29.060000 0.085000 54
56 -25.560000 96.900000 29.800000 0.085000 55
57 -25.730000 105.970000 28.990000 0.085000 56
58 -25.180000 107.060000 28.870000 0.085000 57
59 -23.550000 110.490000 28.500000 0.085000 58
60 -23.620000 111.170000 28.520000 0.085000 59
61 -23.750000 112.360000 28.550000 0.085000 60
62 -23.420000 112.400000 28.480000 0.085000 61
63 -18.420000 117.240000 27.430000 0.085000 62
64 -18.130000 117.450000 27.280000 0.085000 63
65 -15.610000 120.470000 26.710000 0.085000 64
66 -15.430000 120.320000 26.670000 0.085000 65
67 -16.160000 121.950000 26.770000 0.085000 66
68 -15.450000 123.060000 26.610000 0.085000 67
69 -12.850000 131.400000 26.030000 0.085000 68
70 -23.610000 20.990000 15.660000 0.255000 38
71 -27.180000 24.770000 19.580000 0.255000 70
72 -27.240000 24.770000 19.360000 0.255000 71
73 -31.350000 28.000000 9.820000 0.255000 72
74 -31.480000 28.000000 9.220000 0.255000 73
75 -33.410000 31.440000 7.100000 0.255000 74
76 -33.480000 31.610000 6.880000 0.255000 75
77 -34.220000 34.650000 5.120000 0.255000 76
78 -34.290000 34.650000 4.820000 0.255000 77
79 -36.600000 35.760000 5.270000 0.170000 78
80 -41.030000 40.120000 3.410000 0.170000 79
81 -43.700000 42.410000 2.850000 0.170000 80
82 -43.810000 42.580000 2.480000 0.170000 81
83 -46.390000 47.000000 -0.480000 0.170000 82
84 -46.450000 47.680000 -0.400000 0.170000 83
85 -48.030000 49.550000 -0.260000 0.085000 84
86 -48.290000 50.040000 -0.360000 0.085000 85
87 -52.070000 54.290000 -1.750000 0.085000 86
88 -52.270000 54.290000 -2.640000 0.085000 87
89 -56.100000 57.650000 -3.160000 0.085000 88
90 -32.480000 25.740000 12.940000 0.170000 72
91 -37.810000 27.790000 10.660000 0.170000 90
92 -37.940000 27.790000 10.060000 0.170000 91
93 -42.980000 31.380000 8.970000 0.170000 92
94 -47.880000 32.560000 8.840000 0.170000 93
95 -47.940000 32.560000 8.620000 0.170000 94
96 -51.690000 32.840000 8.450000 0.170000 95
97 -57.660000 35.590000 9.810000 0.085000 96
98 -57.750000 36.440000 9.830000 0.085000 97
99 -61.990000 39.230000 9.560000 0.085000 98
100 -23.820000 13.600000 17.180000 0.255000 36
101 -31.420000 13.750000 19.360000 0.170000 100
102 -31.310000 13.740000 19.880000 0.170000 101
103 -35.580000 14.590000 22.330000 0.170000 102
104 -44.440000 16.310000 24.340000 0.170000 103
105 -49.350000 16.950000 25.460000 0.170000 104
106 -52.300000 16.440000 26.120000 0.170000 105
107 -52.460000 16.420000 26.160000 0.170000 106
108 -54.710000 15.650000 26.670000 0.085000 107
109 -63.940000 14.560000 30.320000 0.085000 108
110 -75.450000 13.870000 28.740000 0.085000 109
111 -80.640000 13.960000 29.920000 0.085000 110
112 -87.940000 14.830000 30.640000 0.085000 111
113 -88.080000 14.830000 30.050000 0.085000 112
114 -92.810000 11.780000 35.470000 0.085000 113
115 -92.580000 11.780000 36.500000 0.085000 114
116 -94.960000 8.970000 42.400000 0.085000 115
117 -96.280000 3.960000 45.640000 0.085000 116
118 5.900000 5.720000 2.810000 0.850000 0
119 6.040000 5.740000 2.700000 0.850000 118
120 10.980000 12.640000 1.670000 0.850000 119
121 17.790000 14.900000 9.830000 0.255000 120
122 20.740000 13.480000 12.800000 0.085000 121
123 21.820000 13.590000 12.950000 0.085000 122
124 26.040000 12.590000 16.350000 0.085000 123
125 26.290000 12.440000 16.600000 0.085000 124
126 30.640000 11.570000 22.210000 0.085000 125
127 30.860000 11.420000 22.320000 0.085000 126
128 35.100000 13.090000 21.750000 0.085000 127
129 35.630000 13.150000 21.780000 0.085000 128
130 39.980000 12.890000 30.030000 0.085000 129
131 40.220000 12.910000 30.300000 0.085000 130
132 44.270000 12.170000 36.200000 0.085000 131
133 50.000000 14.360000 41.670000 0.085000 132
134 50.160000 14.720000 41.780000 0.085000 133
135 54.240000 16.590000 45.990000 0.085000 134
136 54.370000 16.950000 45.960000 0.085000 135
137 59.460000 19.370000 46.440000 0.085000 136
138 59.710000 19.550000 46.850000 0.085000 137
139 68.940000 20.770000 51.820000 0.085000 138
140 68.970000 20.940000 52.050000 0.085000 139
141 85.180000 25.270000 51.410000 0.085000 140
142 85.280000 25.440000 51.930000 0.085000 141
143 90.300000 29.740000 52.270000 0.085000 142
144 90.450000 29.930000 52.240000 0.085000 143
145 92.530000 31.880000 51.540000 0.085000 144
146 101.190000 34.310000 46.240000 0.085000 145
147 101.340000 33.990000 45.970000 0.085000 146
148 102.710000 33.120000 45.420000 0.085000 147
149 103.040000 33.160000 45.340000 0.085000 148
150 109.110000 34.200000 43.970000 0.085000 149
151 109.280000 34.220000 43.930000 0.085000 150
152 103.650000 48.490000 51.670000 0.085000 145
153 105.180000 50.540000 57.310000 0.085000 152
154 23.800000 16.270000 8.390000 0.255000 121
155 24.240000 16.830000 8.290000 0.255000 154
156 31.250000 18.340000 5.920000 0.255000 155
157 31.840000 18.920000 5.720000 0.255000 156
158 33.980000 20.530000 5.150000 0.255000 157
159 35.340000 20.350000 4.840000 0.255000 158
160 38.310000 19.670000 3.700000 0.255000 159
161 39.110000 20.460000 2.970000 0.255000 160
162 43.710000 24.260000 1.170000 0.255000 161
163 44.230000 24.140000 1.120000 0.255000 162
164 54.160000 28.290000 1.280000 0.255000 163
165 54.340000 28.140000 1.240000 0.255000 164
166 60.140000 26.440000 -1.070000 0.170000 165
167 60.660000 26.320000 -1.190000 0.170000 166
168 66.130000 24.750000 -3.370000 0.170000 167
169 66.300000 24.770000 -3.410000 0.170000 168
170 72.220000 25.620000 -4.750000 0.170000 169
171 72.400000 25.470000 -4.790000 0.170000 170
172 77.440000 23.480000 -6.020000 0.170000 171
173 77.790000 23.180000 -6.170000 0.170000 172
174 89.800000 24.890000 -8.820000 0.170000 173
175 90.270000 24.950000 -9.000000 0.170000 174
176 94.170000 25.640000 -6.160000 0.170000 175
177 94.200000 25.640000 -6.020000 0.170000 176
178 98.800000 24.250000 -5.810000 0.170000 177
179 98.970000 24.270000 -5.850000 0.170000 178
180 108.690000 25.560000 -1.770000 0.085000 179
181 112.110000 25.840000 1.950000 0.085000 180
182 112.160000 25.840000 2.180000 0.085000 181
183 121.680000 25.500000 2.190000 0.085000 182
184 121.810000 25.860000 2.160000 0.085000 183
185 124.570000 29.590000 1.540000 0.085000 184
186 11.610000 16.260000 3.160000 0.765000 120
187 20.050000 19.510000 5.670000 0.170000 186
188 20.640000 20.090000 5.460000 0.170000 187
189 26.300000 23.300000 4.180000 0.170000 188
190 26.790000 23.670000 5.000000 0.170000 189
191 32.520000 25.460000 6.340000 0.170000 190
192 37.210000 28.010000 6.690000 0.170000 191
193 37.540000 28.050000 6.610000 0.170000 192
194 40.880000 30.070000 8.420000 0.170000 193
195 41.040000 30.090000 8.380000 0.170000 194
196 48.150000 38.440000 6.780000 0.170000 195
197 52.060000 41.790000 6.590000 0.170000 196
198 52.050000 41.960000 6.600000 0.170000 197
199 58.430000 47.280000 6.480000 0.170000 198
200 61.270000 48.170000 10.180000 0.085000 199
201 62.270000 51.840000 4.840000 0.085000 200
202 10.660000 19.620000 1.430000 0.510000 186
203 13.980000 25.310000 0.380000 0.255000 202
204 17.240000 31.450000 1.580000 0.255000 203
205 17.000000 31.450000 0.550000 0.255000 204
206 17.710000 36.930000 -2.850000 0.255000 205
207 18.730000 41.320000 -3.080000 0.170000 206
208 23.270000 48.330000 -3.560000 0.085000 207
209 23.240000 48.660000 -3.550000 0.085000 208
210 8.980000 26.160000 -0.340000 0.255000 202
211 8.800000 26.160000 -1.150000 0.255000 210
212 7.580000 31.190000 -2.430000 0.255000 211
213 8.190000 31.190000 0.220000 0.255000 212
214 6.800000 34.150000 -0.540000 0.255000 213
215 8.210000 36.530000 -0.850000 0.170000 214
216 8.360000 36.720000 -0.880000 0.170000 215
217 8.720000 37.960000 -0.970000 0.170000 216
218 -1.990000 6.830000 6.390000 0.425000 0
219 -2.010000 7.000000 6.390000 0.425000 218
220 -3.200000 10.290000 6.670000 0.425000 219
221 -3.220000 10.460000 6.670000 0.425000 220
222 -5.180000 14.680000 7.120000 0.340000 221
223 -5.020000 15.020000 8.020000 0.340000 222
224 -5.220000 19.860000 11.880000 0.255000 223
225 -5.240000 20.030000 11.880000 0.255000 224
226 -5.480000 22.220000 11.940000 0.255000 225
227 -5.310000 22.240000 11.900000 0.255000 226
228 -4.760000 24.700000 11.700000 0.170000 227
229 -4.780000 25.040000 11.780000 0.170000 228
230 -4.710000 31.900000 11.690000 0.085000 229
231 2.820000 -10.110000 -2.170000 2.550000 0
232 4.020000 -18.020000 -2.380000 2.550000 231
233 3.410000 -26.720000 0.600000 2.040000 232
234 2.430000 -40.580000 -3.760000 1.785000 233
235 0.320000 -45.000000 -6.780000 1.275000 234
236 0.150000 -45.490000 -8.530000 1.275000 235
237 0.520000 -51.130000 -0.460000 1.020000 236
238 -1.140000 -58.850000 -0.100000 1.020000 237
239 -0.280000 -67.500000 0.080000 0.935000 238
240 -0.430000 -67.850000 0.030000 0.935000 239
241 -1.860000 -71.120000 1.360000 0.935000 240
242 -1.770000 -71.120000 1.730000 0.935000 241
243 -0.920000 -82.240000 5.330000 0.595000 242
244 -0.830000 -86.730000 6.000000 0.595000 243
245 -0.680000 -86.720000 5.890000 0.595000 244
246 0.300000 -92.600000 5.740000 0.595000 245
247 0.330000 -98.930000 5.790000 0.595000 246
248 0.760000 -112.020000 11.120000 0.595000 247
249 -2.410000 -116.230000 13.620000 0.170000 248
250 -4.630000 -118.540000 14.280000 0.170000 249
251 -5.500000 -121.230000 15.250000 0.170000 250
252 -5.350000 -121.400000 15.830000 0.170000 251
253 -5.530000 -124.530000 17.340000 0.170000 252
254 -5.480000 -124.530000 17.570000 0.170000 253
255 -3.130000 -126.250000 20.840000 0.170000 254
256 -3.480000 -126.580000 19.130000 0.170000 255
257 -4.970000 -133.190000 16.980000 0.170000 256
258 -4.950000 -133.360000 16.980000 0.170000 257
259 -4.610000 -136.360000 15.420000 0.170000 258
260 -4.410000 -136.510000 15.450000 0.170000 259
261 -4.220000 -145.890000 14.690000 0.085000 260
262 -4.140000 -146.560000 14.670000 0.085000 261
263 -3.370000 -150.580000 14.490000 0.085000 262
264 -2.060000 -155.050000 14.190000 0.085000 263
265 0.760000 -125.020000 10.790000 0.850000 248
266 1.800000 -134.650000 10.540000 0.850000 265
267 1.590000 -134.840000 10.280000 0.850000 266
268 1.080000 -151.500000 10.450000 0.850000 267
269 1.660000 -151.500000 13.040000 0.850000 268
270 2.480000 -156.090000 15.090000 0.850000 269
271 2.530000 -156.090000 15.320000 0.850000 270
272 4.190000 -163.770000 14.930000 0.850000 271
273 5.190000 -171.550000 16.090000 0.850000 272
274 8.580000 -178.180000 15.310000 0.850000 273
275 8.600000 -178.350000 15.310000 0.850000 274
276 11.180000 -188.320000 14.710000 0.850000 275
277 11.600000 -189.130000 14.610000 0.850000 276
278 12.230000 -191.290000 14.780000 0.765000 277
279 17.460000 -195.310000 20.420000 0.170000 278
280 18.300000 -195.390000 20.230000 0.170000 279
281 11.110000 -207.140000 14.240000 0.595000 278
282 11.120000 -207.310000 14.150000 0.595000 281
283 12.190000 -216.940000 14.060000 0.595000 282
284 12.190000 -216.770000 14.130000 0.595000 283
285 9.500000 -221.270000 17.930000 0.425000 284
286 9.280000 -223.690000 18.050000 0.425000 285
287 7.170000 -224.270000 18.520000 0.255000 286
288 6.850000 -227.140000 15.640000 0.255000 287
289 4.800000 -230.150000 11.290000 0.255000 288
290 4.670000 -230.150000 10.700000 0.255000 289
291 1.420000 -238.660000 15.310000 0.255000 290
292 1.460000 -238.830000 15.380000 0.255000 291
293 2.540000 -243.480000 13.960000 0.255000 292
294 -3.510000 -250.840000 15.240000 0.255000 293
295 -6.240000 -254.380000 21.530000 0.255000 294
296 -6.100000 -254.380000 22.120000 0.255000 295
297 -12.910000 -261.700000 25.600000 0.255000 296
298 -13.060000 -261.890000 25.630000 0.255000 297
299 16.190000 -220.510000 16.720000 0.425000 284
300 15.430000 -221.970000 17.280000 0.425000 299
301 15.580000 -221.980000 17.940000 0.425000 300
302 17.360000 -229.430000 22.030000 0.425000 301
303 17.390000 -229.760000 22.020000 0.425000 302
304 17.410000 -242.250000 22.000000 0.425000 303
