698
0 -0.530000 1.080000 -1.360000 7.365530 -1
1 -0.530000 8.450000 -1.360000 7.365530 0
2 -0.530000 -6.270000 -1.360000 7.365530 0
3 6.360000 3.980000 -2.420000 1.210000 0
4 8.770000 7.040000 -1.970000 1.210000 3
5 11.810000 7.650000 -11.820000 1.210000 4
6 13.020000 9.480000 -13.030000 1.210000 5
7 12.420000 10.090000 -13.790000 1.210000 6
8 16.660000 8.860000 -14.090000 0.605000 7
9 20.900000 10.710000 -20.140000 0.605000 8
10 24.530000 10.710000 -13.940000 0.605000 9
11 30.590000 12.540000 -13.940000 0.605000 10
12 34.220000 13.760000 -13.940000 0.605000 11
13 34.830000 13.760000 -21.820000 0.605000 12
14 34.830000 14.380000 -22.570000 0.605000 13
15 37.260000 13.150000 -22.120000 0.605000 14
16 38.470000 13.760000 -31.510000 0.305000 15
17 39.680000 13.150000 -35.900000 0.305000 16
18 40.290000 13.760000 -36.060000 0.305000 17
19 38.470000 13.760000 -33.780000 0.305000 18
20 39.070000 15.600000 -24.090000 0.305000 14
21 42.100000 14.990000 -24.090000 0.305000 20
22 43.310000 15.600000 -24.090000 0.305000 21
23 42.710000 15.600000 -28.480000 0.305000 22
24 46.340000 14.990000 -28.480000 0.305000 23
25 48.770000 16.210000 -28.480000 0.305000 24
26 51.800000 17.440000 -28.480000 0.305000 25
27 54.220000 15.600000 -28.480000 0.305000 26
28 58.460000 16.210000 -28.480000 0.305000 27
29 61.490000 16.820000 -18.630000 0.305000 28
30 63.910000 16.820000 -18.630000 0.305000 29
31 68.760000 16.210000 -18.630000 0.305000 30
32 72.390000 16.210000 -18.630000 0.305000 31
33 73.590000 15.600000 -18.630000 0.305000 32
34 77.230000 17.440000 -18.630000 0.305000 33
35 80.870000 18.660000 -18.630000 0.305000 34
36 84.510000 20.490000 -18.630000 0.305000 35
37 85.720000 21.110000 -18.630000 0.305000 36
38 88.750000 24.160000 -17.880000 0.305000 37
39 92.990000 24.160000 -17.880000 0.305000 38
40 99.050000 26.000000 -17.880000 0.305000 39
41 102.680000 26.000000 -17.880000 0.305000 40
42 105.710000 26.610000 -17.880000 0.305000 41
43 109.350000 26.000000 -17.880000 0.305000 42
44 113.280000 28.750000 -17.880000 0.305000 43
45 118.740000 29.360000 -17.880000 0.305000 44
46 121.760000 29.980000 -17.880000 0.305000 45
47 126.610000 31.810000 -17.880000 0.305000 46
48 128.430000 31.810000 -17.880000 0.305000 47
49 129.030000 31.200000 -16.820000 0.305000 48
50 133.270000 34.260000 -16.820000 0.305000 49
51 136.300000 34.260000 -18.030000 0.305000 50
52 141.150000 33.650000 -20.600000 0.305000 51
53 146.000000 34.860000 -21.510000 0.305000 52
54 150.840000 37.320000 -20.300000 0.305000 53
55 151.440000 37.930000 -20.300000 0.305000 54
56 151.440000 37.930000 -20.910000 0.305000 55
57 46.040000 17.130000 -18.940000 0.305000 23
58 51.490000 19.570000 -18.940000 0.305000 57
59 58.760000 25.690000 -14.540000 0.305000 58
60 63.000000 28.140000 -14.540000 0.305000 59
61 67.840000 30.590000 -14.540000 0.305000 60
62 70.880000 33.650000 -10.000000 0.305000 61
63 72.700000 33.650000 -10.000000 0.305000 62
64 78.150000 39.150000 -10.000000 0.305000 63
65 82.390000 40.990000 -10.000000 0.305000 64
66 84.210000 40.990000 -10.000000 0.305000 65
67 87.230000 43.440000 -10.000000 0.305000 66
68 89.050000 42.820000 -10.000000 0.305000 67
69 92.690000 44.660000 -10.000000 0.305000 68
70 93.290000 46.490000 -10.000000 0.305000 69
71 98.740000 48.330000 -10.000000 0.305000 70
72 102.980000 50.160000 -10.000000 0.305000 71
73 104.800000 50.160000 -4.550000 0.305000 72
74 110.860000 53.220000 -4.550000 0.305000 73
75 113.890000 53.830000 -4.550000 0.305000 74
76 117.520000 55.060000 -4.550000 0.305000 75
77 119.950000 55.060000 -4.550000 0.305000 76
78 122.980000 54.450000 -4.550000 0.305000 77
79 126.610000 53.220000 -4.550000 0.305000 78
80 130.250000 52.610000 -1.670000 0.305000 79
81 132.660000 50.780000 -1.670000 0.305000 80
82 131.460000 48.940000 -1.670000 0.305000 81
83 131.460000 48.940000 -11.060000 0.305000 82
84 12.720000 11.010000 -7.420000 0.605000 7
85 13.330000 12.850000 -10.760000 0.605000 84
86 12.720000 12.850000 -19.090000 0.605000 85
87 13.330000 12.850000 -19.090000 0.605000 86
88 14.540000 18.350000 -11.820000 0.605000 87
89 16.360000 23.860000 -7.570000 0.605000 88
90 16.360000 29.360000 -7.270000 0.605000 89
91 16.960000 33.650000 -6.970000 0.605000 90
92 16.360000 38.540000 -6.970000 0.605000 91
93 16.360000 38.540000 -8.180000 0.605000 92
94 19.390000 42.820000 -8.180000 0.305000 93
95 19.390000 45.270000 -8.180000 0.305000 94
96 22.410000 50.160000 -8.180000 0.305000 95
97 21.810000 53.220000 -3.180000 0.305000 96
98 24.840000 56.280000 -3.030000 0.305000 97
99 27.260000 61.180000 -1.820000 0.305000 98
100 27.260000 66.680000 -1.820000 0.305000 99
101 27.260000 70.340000 -1.820000 0.305000 100
102 27.260000 74.020000 2.420000 0.305000 101
103 28.470000 77.080000 2.420000 0.305000 102
104 27.870000 81.360000 2.420000 0.305000 103
105 28.470000 83.200000 2.420000 0.305000 104
106 30.900000 82.590000 2.420000 0.305000 105
107 30.900000 83.200000 -2.730000 0.305000 106
108 15.750000 41.600000 -9.530000 0.305000 93
109 12.720000 45.270000 -16.510000 0.305000 108
110 10.900000 48.940000 -16.670000 0.305000 109
111 10.300000 53.220000 -17.420000 0.305000 110
112 8.480000 56.280000 -17.420000 0.305000 111
113 7.880000 56.280000 -17.420000 0.305000 112
114 8.480000 58.120000 -17.420000 0.305000 113
115 7.880000 61.180000 -17.420000 0.305000 114
116 5.450000 66.060000 -20.600000 0.305000 115
117 5.450000 71.580000 -23.330000 0.305000 116
118 3.630000 77.690000 -27.880000 0.305000 117
119 2.420000 81.980000 -30.450000 0.305000 118
120 2.420000 82.590000 -30.450000 0.305000 119
121 2.420000 82.590000 -29.540000 0.305000 120
122 11.510000 14.680000 -11.670000 0.305000 87
123 9.090000 17.130000 -20.300000 0.305000 122
124 7.880000 18.960000 -23.180000 0.305000 123
125 6.660000 20.190000 -28.030000 0.305000 124
126 5.450000 20.190000 -31.060000 0.305000 125
127 5.450000 20.190000 -28.330000 0.305000 126
128 6.660000 1.220000 18.030000 3.030000 0
129 10.300000 1.840000 18.030000 3.030000 128
130 12.720000 1.220000 18.320000 1.815000 129
131 13.930000 1.220000 18.320000 1.815000 130
132 18.170000 -1.220000 18.320000 1.210000 131
133 21.810000 -2.450000 18.320000 1.210000 132
134 26.050000 -3.670000 18.320000 0.605000 133
135 29.680000 -4.880000 23.030000 0.605000 134
136 30.290000 -4.880000 23.030000 0.605000 135
137 31.500000 -5.510000 21.970000 0.605000 136
138 35.740000 -7.340000 25.450000 0.605000 137
139 38.150000 -8.560000 25.450000 0.605000 138
140 38.770000 -9.780000 25.450000 0.605000 139
141 40.590000 -9.780000 30.450000 0.605000 140
142 42.410000 -9.780000 33.630000 0.605000 141
143 46.650000 -11.010000 36.210000 0.605000 142
144 49.070000 -11.620000 42.570000 0.605000 143
145 52.700000 -12.850000 42.570000 0.605000 144
146 55.130000 -14.070000 39.240000 0.605000 145
147 55.730000 -14.070000 43.780000 0.605000 146
148 56.940000 -15.910000 43.780000 0.305000 147
149 58.160000 -16.520000 43.780000 0.305000 148
150 59.970000 -17.130000 38.470000 0.305000 149
151 60.580000 -18.350000 39.090000 0.305000 150
152 62.400000 -20.190000 41.660000 0.305000 151
153 62.400000 -20.190000 37.110000 0.305000 152
154 62.400000 -20.800000 41.210000 0.305000 153
155 58.160000 -14.680000 43.780000 0.605000 147
156 61.190000 -15.910000 40.900000 0.605000 155
157 62.400000 -16.520000 42.270000 0.605000 156
158 63.610000 -18.960000 43.480000 0.305000 157
159 66.640000 -21.410000 48.780000 0.305000 158
160 70.270000 -24.470000 54.240000 0.305000 159
161 73.300000 -26.310000 56.060000 0.305000 160
162 73.910000 -26.310000 56.060000 0.305000 161
163 78.150000 -33.040000 58.330000 0.305000 162
164 82.990000 -39.150000 62.420000 0.305000 163
165 86.630000 -45.270000 62.870000 0.305000 164
166 87.840000 -47.720000 55.300000 0.305000 165
167 87.230000 -52.610000 53.330000 0.305000 166
168 88.450000 -52.000000 54.840000 0.305000 167
169 66.030000 -16.520000 42.270000 0.305000 157
170 70.270000 -18.350000 51.810000 0.305000 169
171 75.120000 -17.730000 54.690000 0.305000 170
172 78.750000 -17.130000 59.390000 0.305000 171
173 84.810000 -17.130000 65.900000 0.305000 172
174 89.660000 -17.130000 68.020000 0.305000 173
175 93.290000 -17.130000 69.540000 0.305000 174
176 98.140000 -18.960000 73.630000 0.305000 175
177 101.170000 -18.960000 77.420000 0.305000 176
178 106.010000 -18.350000 78.930000 0.305000 177
179 106.620000 -18.960000 82.720000 0.305000 178
180 106.620000 -19.570000 75.900000 0.305000 179
181 33.320000 -3.670000 17.850000 0.305000 137
182 38.770000 -3.060000 17.850000 0.305000 181
183 40.590000 -3.060000 13.150000 0.305000 182
184 41.800000 -2.450000 13.150000 0.305000 183
185 46.650000 -3.060000 13.150000 0.305000 184
186 50.280000 -2.450000 13.150000 0.305000 185
187 53.920000 -2.450000 10.880000 0.305000 186
188 56.340000 -1.220000 8.300000 0.305000 187
189 61.790000 -2.450000 5.880000 0.305000 188
190 66.640000 -2.450000 4.820000 0.305000 189
191 69.670000 -2.450000 4.670000 0.305000 190
192 75.720000 -2.450000 4.670000 0.305000 191
193 79.360000 0.000000 4.670000 0.305000 192
194 86.020000 0.000000 1.940000 0.305000 193
195 90.260000 1.220000 1.180000 0.305000 194
196 95.720000 0.610000 1.180000 0.305000 195
197 104.200000 0.000000 -1.700000 0.305000 196
198 108.440000 0.000000 -1.700000 0.305000 197
199 112.680000 -0.610000 -1.700000 0.305000 198
200 113.890000 0.000000 -1.700000 0.305000 199
201 119.340000 1.840000 -6.240000 0.305000 200
202 126.310000 5.200000 -6.240000 0.305000 201
203 129.340000 8.260000 -8.820000 0.305000 202
204 131.760000 7.650000 -9.110000 0.305000 203
205 136.610000 10.710000 -12.600000 0.305000 204
206 139.630000 11.320000 -12.910000 0.305000 205
207 142.060000 11.930000 -13.360000 0.305000 206
208 145.690000 11.930000 -13.970000 0.305000 207
209 146.900000 12.540000 -13.970000 0.305000 208
210 146.900000 13.760000 -13.970000 0.305000 209
211 146.300000 13.150000 -13.060000 0.305000 210
212 43.920000 -1.530000 18.000000 0.305000 184
213 44.830000 0.000000 15.570000 0.305000 212
214 49.070000 1.840000 15.420000 0.305000 213
215 52.700000 4.880000 15.420000 0.305000 214
216 57.550000 7.950000 12.700000 0.305000 215
217 63.000000 11.620000 8.150000 0.305000 216
218 68.450000 12.850000 7.850000 0.305000 217
219 71.480000 14.680000 7.090000 0.305000 218
220 75.120000 17.130000 2.390000 0.305000 219
221 79.950000 19.570000 2.390000 0.305000 220
222 84.210000 21.410000 -0.480000 0.305000 221
223 87.230000 23.250000 -0.640000 0.305000 222
224 91.470000 25.080000 -1.090000 0.305000 223
225 95.110000 27.530000 -1.240000 0.305000 224
226 98.740000 27.530000 -1.390000 0.305000 225
227 98.740000 28.140000 6.790000 0.305000 226
228 18.170000 2.450000 27.880000 1.210000 131
229 21.200000 3.670000 27.880000 1.210000 228
230 24.840000 5.510000 31.210000 1.210000 229
231 24.230000 5.510000 22.270000 1.210000 230
232 27.260000 4.280000 25.910000 0.605000 231
233 27.260000 4.280000 31.060000 0.605000 232
234 29.080000 3.670000 30.150000 0.305000 233
235 30.900000 3.670000 41.210000 0.305000 234
236 30.900000 2.450000 44.840000 0.305000 235
237 33.320000 1.220000 49.240000 0.305000 236
238 36.350000 1.220000 55.900000 0.305000 237
239 39.380000 1.840000 66.050000 0.305000 238
240 43.620000 1.220000 69.540000 0.305000 239
241 44.830000 1.840000 73.170000 0.305000 240
242 46.650000 1.840000 73.170000 0.305000 241
243 46.650000 1.840000 72.270000 0.305000 242
244 47.250000 0.000000 72.270000 0.305000 243
245 46.040000 -1.840000 80.450000 0.305000 244
246 46.040000 -3.060000 78.630000 0.305000 245
247 45.430000 -3.060000 75.450000 0.305000 246
248 49.070000 0.000000 67.110000 0.305000 243
249 52.100000 -0.610000 58.020000 0.305000 248
250 56.340000 -0.610000 67.870000 0.305000 249
251 58.760000 -1.220000 76.050000 0.305000 250
252 60.580000 -2.450000 76.950000 0.305000 251
253 61.790000 -3.060000 79.840000 0.305000 252
254 64.810000 -4.280000 79.840000 0.305000 253
255 65.430000 -6.120000 79.840000 0.305000 254
256 65.430000 -6.120000 79.540000 0.305000 255
257 29.080000 4.280000 26.660000 0.305000 233
258 32.710000 5.510000 26.660000 0.305000 257
259 35.740000 4.880000 26.660000 0.305000 258
260 40.590000 4.880000 26.660000 0.305000 259
261 44.830000 7.340000 32.720000 0.305000 260
262 49.070000 9.180000 28.780000 0.305000 261
263 53.920000 10.400000 28.940000 0.305000 262
264 55.730000 11.010000 29.090000 0.305000 263
265 61.790000 10.400000 29.090000 0.305000 264
266 68.450000 9.780000 29.240000 0.305000 265
267 72.090000 9.180000 29.390000 0.305000 266
268 79.360000 8.560000 29.390000 0.305000 267
269 85.420000 7.340000 37.110000 0.305000 268
270 92.690000 5.510000 37.420000 0.305000 269
271 98.740000 4.880000 39.240000 0.305000 270
272 103.590000 4.880000 40.900000 0.305000 271
273 107.230000 4.880000 42.120000 0.305000 272
274 110.860000 3.670000 45.000000 0.305000 273
275 113.280000 4.280000 46.360000 0.305000 274
276 114.490000 6.730000 44.090000 0.305000 275
277 25.440000 6.120000 27.120000 0.605000 231
278 26.050000 6.730000 27.120000 0.605000 277
279 29.680000 9.180000 21.970000 0.305000 278
280 29.680000 12.240000 27.120000 0.305000 279
281 34.530000 15.910000 17.880000 0.305000 280
282 36.350000 20.800000 17.880000 0.305000 281
283 37.560000 26.310000 12.730000 0.305000 282
284 39.380000 31.200000 11.510000 0.305000 283
285 41.800000 34.860000 9.690000 0.305000 284
286 45.430000 38.540000 6.210000 0.305000 285
287 50.280000 43.440000 4.240000 0.305000 286
288 50.890000 45.270000 4.240000 0.305000 287
289 51.490000 47.720000 9.090000 0.305000 288
290 54.520000 50.780000 7.120000 0.305000 289
291 56.940000 55.060000 3.330000 0.305000 290
292 58.160000 58.120000 2.880000 0.305000 291
293 61.190000 59.340000 2.270000 0.305000 292
294 63.610000 61.790000 2.270000 0.305000 293
295 64.200000 61.790000 3.180000 0.305000 294
296 50.280000 50.780000 9.090000 0.305000 289
297 52.100000 59.950000 9.090000 0.305000 296
298 53.920000 66.680000 2.270000 0.305000 297
299 55.130000 70.950000 1.210000 0.305000 298
300 55.730000 77.690000 1.210000 0.305000 299
301 57.250000 84.120000 1.210000 0.305000 300
302 59.670000 90.230000 -2.880000 0.305000 301
303 62.700000 98.190000 -3.790000 0.305000 302
304 62.700000 103.080000 -3.940000 0.305000 303
305 63.310000 110.420000 -5.150000 0.305000 304
306 62.090000 115.930000 -5.150000 0.305000 305
307 60.880000 119.600000 -5.150000 0.305000 306
308 60.280000 120.210000 -5.150000 0.305000 307
309 60.280000 120.820000 -6.670000 0.305000 308
310 26.960000 7.650000 28.940000 0.605000 278
311 27.560000 13.760000 40.290000 0.605000 310
312 25.140000 17.440000 41.210000 0.605000 311
313 22.720000 19.880000 39.690000 0.305000 312
314 23.320000 20.490000 37.570000 0.305000 313
315 22.720000 23.550000 39.390000 0.305000 314
316 20.900000 26.610000 56.060000 0.305000 315
317 19.690000 30.890000 51.810000 0.305000 316
318 19.690000 33.340000 51.810000 0.305000 317
319 19.070000 33.950000 49.840000 0.305000 318
320 15.450000 38.240000 52.120000 0.305000 319
321 15.450000 40.070000 56.060000 0.305000 320
322 15.450000 45.580000 62.570000 0.305000 321
323 14.240000 48.020000 70.590000 0.305000 322
324 12.420000 51.690000 75.590000 0.305000 323
325 12.420000 53.530000 77.870000 0.305000 324
326 10.000000 55.360000 83.170000 0.305000 325
327 8.770000 57.200000 85.750000 0.305000 326
328 5.760000 57.200000 87.110000 0.305000 327
329 5.150000 57.810000 87.260000 0.305000 328
330 5.150000 57.810000 84.840000 0.305000 329
331 21.510000 35.790000 50.870000 0.305000 319
332 22.720000 35.790000 51.030000 0.305000 331
333 24.530000 35.180000 66.020000 0.305000 332
334 26.960000 37.610000 71.480000 0.305000 333
335 28.780000 38.850000 78.590000 0.305000 334
336 29.380000 40.070000 81.170000 0.305000 335
337 31.200000 41.290000 82.690000 0.305000 336
338 32.110000 40.990000 79.510000 0.305000 337
339 24.230000 22.640000 42.420000 0.305000 314
340 22.410000 25.080000 42.270000 0.305000 339
341 22.410000 28.750000 38.470000 0.305000 340
342 19.980000 29.360000 38.470000 0.305000 341
343 19.390000 30.590000 38.470000 0.305000 342
344 19.390000 34.260000 38.470000 0.305000 343
345 18.170000 38.540000 36.210000 0.305000 344
346 16.960000 44.050000 34.390000 0.305000 345
347 16.960000 48.330000 34.390000 0.305000 346
348 15.750000 52.000000 34.390000 0.305000 347
349 16.360000 52.000000 40.750000 0.605000 348
350 17.570000 55.670000 40.750000 0.305000 349
351 19.980000 58.730000 40.750000 0.305000 350
352 19.980000 63.620000 40.750000 0.305000 351
353 19.980000 65.450000 40.750000 0.305000 352
354 23.020000 69.130000 33.180000 0.305000 353
355 24.230000 72.800000 27.270000 0.305000 354
356 26.050000 74.020000 22.570000 0.305000 355
357 26.050000 76.470000 19.690000 0.305000 356
358 28.470000 78.920000 16.670000 0.305000 357
359 29.080000 83.200000 13.030000 0.305000 358
360 29.080000 83.810000 9.240000 0.305000 359
361 29.680000 82.590000 22.730000 0.305000 360
362 30.290000 84.420000 22.730000 0.305000 361
363 14.540000 54.450000 44.840000 0.305000 349
364 13.330000 59.340000 42.570000 0.305000 363
365 13.330000 64.230000 36.360000 0.305000 364
366 13.930000 68.520000 35.750000 0.305000 365
367 13.930000 70.950000 33.780000 0.305000 366
368 13.930000 72.800000 33.780000 0.305000 367
369 14.540000 74.630000 33.780000 0.305000 368
370 14.540000 75.860000 31.820000 0.305000 369
371 -5.450000 8.560000 9.850000 1.210000 0
372 -10.300000 12.850000 9.530000 1.210000 371
373 -11.510000 15.290000 9.240000 1.210000 372
374 -14.540000 17.130000 8.480000 1.210000 373
375 -15.140000 17.730000 8.180000 1.210000 374
376 -15.140000 18.350000 12.120000 1.210000 375
377 -15.750000 23.250000 12.120000 0.605000 376
378 -15.750000 25.690000 0.760000 0.605000 377
379 -16.360000 28.140000 0.760000 0.605000 378
380 -15.750000 28.750000 13.030000 0.605000 379
381 -15.750000 33.650000 7.540000 0.605000 380
382 -15.140000 36.710000 7.540000 0.605000 381
383 -16.360000 39.760000 16.480000 0.305000 382
384 -16.360000 41.600000 16.480000 0.305000 383
385 -17.570000 44.660000 16.480000 0.305000 384
386 -16.960000 45.880000 16.480000 0.305000 385
387 -17.570000 52.610000 16.320000 0.305000 386
388 -17.570000 56.890000 13.150000 0.305000 387
389 -17.570000 59.340000 13.300000 0.305000 388
390 -16.360000 61.790000 13.300000 0.305000 389
391 -16.960000 65.450000 13.300000 0.305000 390
392 -16.360000 66.060000 13.600000 0.305000 391
393 -15.140000 70.950000 13.600000 0.305000 392
394 -14.540000 75.860000 9.360000 0.305000 393
395 -15.140000 80.750000 6.940000 0.305000 394
396 -14.540000 85.650000 6.940000 0.305000 395
397 -13.330000 91.150000 5.120000 0.305000 396
398 -12.120000 97.880000 4.210000 0.305000 397
399 -11.510000 105.220000 -0.940000 0.305000 398
400 -10.900000 108.280000 -5.940000 0.305000 399
401 -10.900000 113.180000 -5.940000 0.305000 400
402 -8.480000 117.460000 -8.360000 0.305000 401
403 -8.180000 122.050000 -8.360000 0.305000 402
404 -5.760000 126.330000 -8.360000 0.305000 403
405 -3.940000 133.060000 -8.360000 0.305000 404
406 -3.940000 133.660000 -3.360000 0.305000 405
407 -3.330000 137.940000 -7.910000 0.305000 406
408 -2.730000 139.790000 -11.700000 0.305000 407
409 -2.120000 141.010000 -12.910000 0.305000 408
410 -0.910000 143.460000 -13.670000 0.305000 409
411 -0.300000 142.850000 -9.570000 0.305000 410
412 -3.940000 133.060000 0.420000 0.305000 406
413 -4.540000 136.720000 10.110000 0.305000 412
414 -3.940000 140.400000 12.540000 0.305000 413
415 -3.940000 142.850000 9.510000 0.305000 414
416 -3.940000 144.070000 2.390000 0.305000 415
417 -5.760000 145.290000 1.180000 0.305000 416
418 -6.970000 150.800000 -0.330000 0.305000 417
419 -11.810000 156.300000 -0.640000 0.305000 418
420 -14.840000 158.750000 -6.090000 0.305000 419
421 -17.870000 163.030000 -8.670000 0.305000 420
422 -19.070000 167.930000 -9.570000 0.305000 421
423 -23.930000 173.430000 -14.120000 0.305000 422
424 -28.170000 176.490000 -16.540000 0.305000 423
425 -34.220000 181.390000 -16.540000 0.305000 424
426 -38.470000 186.280000 -16.540000 0.305000 425
427 -42.100000 189.340000 -16.700000 0.305000 426
428 -42.710000 189.950000 -11.850000 0.305000 427
429 -19.070000 73.720000 24.210000 0.305000 392
430 -21.510000 82.280000 28.450000 0.305000 429
431 -20.900000 89.010000 28.450000 0.305000 430
432 -22.110000 96.350000 28.450000 0.305000 431
433 -24.530000 103.080000 29.510000 0.305000 432
434 -28.780000 108.590000 30.720000 0.305000 433
435 -32.400000 112.870000 33.600000 0.305000 434
436 -34.220000 117.760000 36.940000 0.305000 435
437 -34.830000 120.210000 38.600000 0.305000 436
438 -34.830000 120.820000 32.240000 0.305000 437
439 -18.480000 32.720000 10.880000 0.305000 380
440 -19.070000 37.010000 3.760000 0.305000 439
441 -19.690000 39.460000 -0.640000 0.305000 440
442 -21.510000 42.520000 -2.610000 0.305000 441
443 -23.320000 44.960000 -3.670000 0.305000 442
444 -23.930000 49.250000 -5.330000 0.305000 443
445 -24.530000 51.080000 -5.790000 0.305000 444
446 -24.530000 52.920000 -15.180000 0.305000 445
447 -24.530000 54.750000 -15.180000 0.305000 446
448 -24.530000 57.200000 -15.180000 0.305000 447
449 -24.530000 59.030000 -15.180000 0.305000 448
450 -24.530000 59.030000 -20.790000 0.305000 449
451 -17.270000 18.660000 11.360000 0.605000 376
452 -19.070000 18.660000 7.730000 0.605000 451
453 -22.110000 21.110000 7.730000 0.305000 452
454 -23.320000 22.940000 2.880000 0.305000 453
455 -23.320000 22.940000 4.240000 0.305000 454
456 -26.350000 26.610000 2.420000 0.305000 455
457 -27.560000 27.840000 -6.970000 0.305000 456
458 -28.780000 29.670000 -13.480000 0.305000 457
459 -29.990000 32.110000 -17.420000 0.305000 458
460 -31.200000 33.340000 -20.450000 0.305000 459
461 -31.200000 33.340000 -16.820000 0.305000 460
462 -31.200000 33.340000 -14.540000 0.305000 461
463 -29.990000 35.180000 -14.540000 0.305000 462
464 -29.990000 35.180000 -15.600000 0.305000 463
465 -24.530000 22.940000 13.940000 0.305000 455
466 -31.200000 24.160000 12.880000 0.305000 465
467 -36.650000 24.780000 8.330000 0.305000 466
468 -42.100000 26.610000 5.150000 0.305000 467
469 -49.370000 24.780000 13.480000 0.305000 468
470 -51.800000 24.780000 17.570000 0.305000 469
471 -53.010000 25.390000 17.880000 0.305000 470
472 -54.220000 24.780000 14.540000 0.305000 471
473 -55.430000 27.840000 14.540000 0.305000 472
474 -59.060000 30.280000 23.480000 0.305000 473
475 -63.910000 30.280000 23.480000 0.305000 474
476 -69.360000 33.950000 23.480000 0.305000 475
477 -73.000000 35.180000 29.690000 0.305000 476
478 -74.810000 37.610000 29.690000 0.305000 477
479 -76.030000 38.850000 29.690000 0.305000 478
480 -81.480000 41.910000 29.690000 0.305000 479
481 -83.900000 44.350000 29.690000 0.305000 480
482 -87.540000 46.800000 29.690000 0.305000 481
483 -86.930000 46.800000 33.630000 0.305000 482
484 -86.330000 46.800000 23.630000 0.305000 483
485 -54.820000 24.780000 10.730000 0.305000 472
486 -59.060000 24.160000 11.940000 0.305000 485
487 -61.490000 24.160000 11.940000 0.305000 486
488 -65.730000 23.550000 12.390000 0.305000 487
489 -68.760000 22.940000 9.850000 0.305000 488
490 -68.760000 22.940000 18.480000 0.305000 489
491 -8.770000 2.750000 14.540000 0.605000 0
492 -14.840000 2.750000 14.240000 0.605000 491
493 -20.900000 3.980000 14.240000 0.605000 492
494 -27.560000 7.040000 14.390000 0.605000 493
495 -29.990000 7.650000 15.150000 0.605000 494
496 -29.990000 7.650000 19.540000 0.605000 495
497 -33.610000 6.420000 21.360000 0.305000 496
498 -37.260000 7.650000 21.360000 0.305000 497
499 -42.710000 6.420000 21.970000 0.305000 498
500 -48.160000 5.810000 19.230000 0.305000 499
501 -51.800000 5.810000 20.000000 0.305000 500
502 -56.640000 3.980000 20.450000 0.305000 501
503 -61.490000 6.420000 20.600000 0.305000 502
504 -68.760000 5.200000 20.600000 0.305000 503
505 -73.590000 4.590000 20.910000 0.305000 504
506 -79.660000 3.980000 21.060000 0.305000 505
507 -87.540000 3.360000 27.880000 0.305000 506
508 -94.200000 3.360000 28.940000 0.305000 507
509 -101.470000 3.360000 28.480000 0.305000 508
510 -111.160000 2.140000 28.630000 0.305000 509
511 -115.400000 1.530000 28.630000 0.305000 510
512 -117.830000 0.310000 25.000000 0.305000 511
513 -117.830000 -1.530000 25.000000 0.305000 512
514 -117.830000 -0.920000 25.910000 0.305000 513
515 -31.800000 8.260000 19.540000 0.305000 496
516 -33.020000 9.480000 19.540000 0.305000 515
517 -32.400000 9.480000 19.540000 0.305000 516
518 -36.040000 11.930000 25.750000 0.305000 517
519 -39.680000 14.380000 26.820000 0.305000 518
520 -42.710000 16.210000 26.820000 0.305000 519
521 -46.950000 19.270000 26.820000 0.305000 520
522 -53.610000 22.940000 26.820000 0.305000 521
523 -60.280000 24.160000 26.820000 0.305000 522
524 -63.910000 25.390000 26.820000 0.305000 523
525 -69.970000 24.780000 26.820000 0.305000 524
526 -75.420000 27.840000 26.820000 0.305000 525
527 -80.270000 31.510000 26.820000 0.305000 526
528 -84.510000 35.180000 26.820000 0.305000 527
529 -86.930000 36.400000 26.820000 0.305000 528
530 -91.170000 40.070000 26.820000 0.305000 529
531 -98.440000 42.520000 26.820000 0.305000 530
532 -105.710000 44.350000 26.820000 0.305000 531
533 -111.160000 46.800000 26.820000 0.305000 532
534 -114.800000 48.020000 26.820000 0.305000 533
535 -117.830000 49.250000 26.820000 0.305000 534
536 -120.250000 51.080000 26.820000 0.305000 535
537 -122.670000 51.080000 31.360000 0.305000 536
538 -129.030000 52.610000 31.360000 0.305000 537
539 -133.270000 55.060000 24.690000 0.305000 538
540 -138.720000 56.280000 25.000000 0.305000 539
541 -141.150000 61.180000 25.300000 0.305000 540
542 -144.780000 63.010000 25.910000 0.305000 541
543 -147.810000 67.290000 25.910000 0.305000 542
544 -147.810000 66.060000 18.790000 0.305000 543
545 -37.560000 9.180000 20.910000 0.305000 517
546 -41.800000 10.400000 33.330000 0.305000 545
547 -47.250000 12.240000 36.650000 0.305000 546
548 -52.700000 13.460000 40.290000 0.305000 547
549 -58.760000 14.680000 45.600000 0.305000 548
550 -61.190000 14.680000 47.270000 0.305000 549
551 -67.230000 12.850000 55.450000 0.305000 550
552 -69.670000 14.070000 63.480000 0.305000 551
553 -73.910000 12.240000 69.080000 0.305000 552
554 -79.360000 11.010000 70.450000 0.305000 553
555 -86.020000 10.400000 73.170000 0.305000 554
556 -91.470000 9.780000 74.840000 0.305000 555
557 -95.110000 9.780000 75.900000 0.305000 556
558 -96.930000 9.780000 76.360000 0.305000 557
559 -101.770000 9.780000 77.420000 0.305000 558
560 -103.590000 10.400000 81.360000 0.305000 559
561 -106.620000 13.460000 83.480000 0.305000 560
562 -108.440000 14.070000 87.420000 0.305000 561
563 -110.860000 15.910000 88.630000 0.305000 562
564 -112.070000 17.130000 89.540000 0.305000 563
565 -112.070000 17.730000 85.140000 0.305000 564
566 -6.360000 2.140000 49.660000 1.815000 0
567 -9.390000 2.750000 49.660000 1.815000 566
568 -11.210000 2.750000 49.660000 1.815000 567
569 -14.240000 5.810000 49.660000 0.605000 568
570 -17.870000 10.710000 49.660000 0.605000 569
571 -21.510000 18.050000 51.180000 0.605000 570
572 -23.930000 24.780000 51.180000 0.605000 571
573 -24.530000 27.840000 44.970000 0.605000 572
574 -27.560000 33.340000 45.870000 0.605000 573
575 -27.560000 34.560000 42.390000 0.605000 574
576 -33.020000 37.610000 43.300000 0.305000 575
577 -36.040000 40.680000 43.300000 0.305000 576
578 -39.680000 42.520000 43.600000 0.305000 577
579 -46.950000 44.350000 43.750000 0.305000 578
580 -51.800000 45.580000 44.060000 0.305000 579
581 -57.850000 46.800000 44.060000 0.305000 580
582 -62.090000 47.410000 44.060000 0.305000 581
583 -68.150000 50.470000 38.900000 0.305000 582
584 -72.390000 51.080000 38.900000 0.305000 583
585 -77.230000 51.080000 38.900000 0.305000 584
586 -83.900000 52.310000 38.450000 0.305000 585
587 -94.200000 54.140000 36.940000 0.305000 586
588 -100.260000 56.590000 33.900000 0.305000 587
589 -105.100000 58.420000 31.940000 0.305000 588
590 -109.350000 60.260000 30.720000 0.305000 589
591 -112.680000 62.400000 26.630000 0.305000 590
592 -118.130000 65.450000 24.360000 0.305000 591
593 -123.580000 69.130000 21.030000 0.305000 592
594 -127.220000 72.190000 19.970000 0.305000 593
595 -129.630000 74.020000 19.820000 0.305000 594
596 -133.270000 75.860000 18.000000 0.305000 595
597 -133.880000 76.470000 28.300000 0.305000 596
598 -29.080000 39.150000 52.540000 0.605000 575
599 -30.290000 40.990000 52.690000 0.605000 598
600 -30.290000 41.600000 52.990000 0.605000 599
601 -30.290000 42.210000 47.090000 0.605000 600
602 -32.710000 47.110000 47.090000 0.305000 601
603 -33.920000 48.940000 46.780000 0.305000 602
604 -32.710000 52.000000 46.780000 0.305000 603
605 -32.710000 58.120000 46.780000 0.305000 604
606 -33.920000 64.230000 55.570000 0.305000 605
607 -33.920000 71.580000 57.990000 0.305000 606
608 -34.530000 79.530000 61.020000 0.305000 607
609 -36.950000 86.260000 61.330000 0.305000 608
610 -34.530000 88.710000 63.450000 0.305000 609
611 -35.140000 95.430000 62.540000 0.305000 610
612 -31.500000 97.880000 66.630000 0.305000 611
613 -30.290000 104.000000 62.690000 0.305000 612
614 -32.710000 109.510000 62.240000 0.305000 613
615 -33.320000 115.010000 74.810000 0.305000 614
616 -36.650000 120.210000 87.230000 0.305000 615
617 -36.650000 125.110000 76.630000 0.305000 616
618 -36.040000 130.610000 76.630000 0.305000 617
619 -37.260000 133.060000 76.630000 0.305000 618
620 -38.470000 133.060000 78.450000 0.305000 619
621 -33.020000 42.520000 47.090000 0.305000 601
622 -36.650000 44.350000 47.090000 0.305000 621
623 -43.920000 48.020000 47.090000 0.305000 622
624 -48.160000 51.080000 55.720000 0.305000 623
625 -52.400000 54.750000 57.690000 0.305000 624
626 -56.640000 59.030000 60.870000 0.305000 625
627 -59.060000 61.480000 62.840000 0.305000 626
628 -62.090000 63.930000 62.840000 0.305000 627
629 -66.330000 66.380000 69.360000 0.305000 628
630 -69.360000 68.200000 70.560000 0.305000 629
631 -73.590000 69.430000 70.720000 0.305000 630
632 -75.420000 70.660000 70.720000 0.305000 631
633 -81.480000 74.330000 70.720000 0.305000 632
634 -86.330000 78.610000 70.720000 0.305000 633
635 -87.540000 80.450000 70.720000 0.305000 634
636 -90.570000 85.340000 73.300000 0.305000 635
637 -90.570000 87.790000 73.300000 0.305000 636
638 -93.590000 90.230000 73.590000 0.305000 637
639 -93.590000 92.680000 78.590000 0.305000 638
640 -95.410000 95.740000 79.360000 0.305000 639
641 -97.230000 97.580000 82.690000 0.305000 640
642 -98.440000 97.580000 83.140000 0.305000 641
643 -99.650000 98.190000 86.930000 0.305000 642
644 -100.260000 98.190000 79.950000 0.305000 643
645 -100.260000 100.020000 87.690000 0.305000 644
646 -13.020000 2.140000 53.900000 0.605000 568
647 -15.450000 1.530000 53.900000 0.605000 646
648 -18.480000 0.920000 53.900000 0.605000 647
649 -20.290000 0.310000 53.600000 0.605000 648
650 -21.510000 0.310000 62.240000 0.605000 649
651 -22.720000 -0.310000 62.240000 0.605000 650
652 -25.140000 -2.750000 66.330000 0.305000 651
653 -30.590000 -2.750000 66.330000 0.305000 652
654 -35.440000 -3.980000 70.110000 0.305000 653
655 -38.470000 -7.040000 72.080000 0.305000 654
656 -41.500000 -8.260000 72.690000 0.305000 655
657 -46.950000 -7.650000 74.510000 0.305000 656
658 -51.190000 -9.480000 77.390000 0.305000 657
659 -55.430000 -10.090000 81.020000 0.305000 658
660 -59.060000 -11.320000 82.990000 0.305000 659
661 -62.700000 -13.760000 85.870000 0.305000 660
662 -65.730000 -14.990000 86.170000 0.305000 661
663 -65.730000 -14.990000 85.260000 0.305000 662
664 -23.320000 0.920000 62.240000 0.305000 651
665 -26.960000 0.920000 62.240000 0.305000 664
666 -31.200000 2.750000 62.240000 0.305000 665
667 -35.440000 4.590000 62.240000 0.305000 666
668 -40.890000 4.590000 72.980000 0.305000 667
669 -45.740000 5.200000 73.750000 0.305000 668
670 -49.370000 6.420000 73.750000 0.305000 669
671 -54.820000 7.040000 76.020000 0.305000 670
672 -56.640000 8.260000 76.930000 0.305000 671
673 -60.880000 10.090000 82.080000 0.305000 672
674 -62.090000 10.090000 87.840000 0.305000 673
675 -62.700000 10.090000 84.660000 0.305000 674
676 -1.820000 -7.340000 -1.510000 3.030000 0
677 -1.820000 -12.850000 -1.510000 3.030000 676
678 -1.820000 -18.350000 -7.880000 2.425000 677
679 -1.820000 -23.860000 -7.880000 1.815000 678
680 -1.820000 -29.980000 -12.420000 1.815000 679
681 -1.210000 -34.860000 -12.420000 1.815000 680
682 -1.820000 -42.210000 -12.420000 1.815000 681
683 -2.420000 -47.720000 -14.090000 1.210000 682
684 -2.420000 -54.450000 -19.690000 1.210000 683
685 -0.610000 -59.950000 -20.000000 1.210000 684
686 -1.210000 -67.290000 -22.570000 1.210000 685
687 -0.610000 -71.580000 -22.570000 0.605000 686
688 -1.210000 -77.080000 -26.970000 0.605000 687
689 0.610000 -81.980000 -27.120000 0.605000 688
690 0.610000 -88.710000 -27.270000 0.605000 689
691 0.000000 -95.430000 -27.420000 0.605000 690
692 -3.030000 -104.610000 -27.420000 0.605000 691
693 -2.120000 -108.590000 -27.420000 0.605000 692
694 -1.510000 -118.990000 -27.420000 0.605000 693
695 0.300000 -131.220000 -34.240000 0.605000 694
696 0.910000 -139.790000 -34.240000 0.605000 695
697 0.910000 -140.400000 -34.240000 0.605000 696
