76
0 0.000000 0.000000 0.000000 0.500000 -1
1 -0.910000 0.590000 0.000000 0.500000 0
2 -1.080000 1.380000 -3.400000 0.500000 1
3 -1.240000 2.160000 -3.400000 0.500000 2
4 -1.400000 2.910000 -3.400000 0.500000 3
5 -1.570000 3.700000 -3.400000 0.500000 4
6 -0.980000 4.650000 -3.400000 0.500000 5
7 -1.140000 5.430000 -3.400000 0.500000 6
8 -0.510000 6.350000 -6.800000 0.500000 7
9 -0.680000 7.150000 -6.800000 0.500000 8
10 -0.850000 7.930000 -6.800000 0.500000 9
11 -0.230000 8.880000 -6.800000 0.500000 10
12 -0.400000 9.640000 -6.800000 0.500000 11
13 -0.560000 10.430000 -6.800000 0.500000 12
14 0.000000 11.370000 -6.800000 0.500000 13
15 0.620000 12.290000 -6.800000 0.500000 14
16 0.460000 13.070000 -10.180000 0.500000 15
17 -0.470000 13.700000 -10.180000 0.500000 16
18 -1.390000 14.330000 -10.180000 0.500000 17
19 -0.640000 14.490000 -10.180000 0.500000 18
20 -0.020000 15.410000 -10.180000 0.500000 19
21 0.580000 16.360000 -10.180000 0.500000 20
22 0.420000 17.140000 -13.590000 0.500000 21
23 0.260000 17.890000 -13.590000 0.500000 22
24 0.090000 18.690000 -13.590000 0.500000 23
25 -0.850000 19.310000 -13.590000 0.500000 24
26 -1.020000 20.090000 -13.590000 0.500000 25
27 -1.960000 20.680000 -13.590000 0.500000 26
28 -2.130000 21.470000 -10.180000 0.500000 27
29 -1.510000 22.420000 -10.180000 0.500000 28
30 -0.720000 22.590000 -6.800000 0.500000 29
31 0.040000 22.740000 -6.800000 0.500000 30
32 0.960000 22.120000 -6.800000 0.500000 31
33 1.750000 22.290000 -6.800000 0.500000 32
34 2.370000 23.240000 -6.800000 0.500000 33
35 3.150000 23.410000 -6.800000 0.500000 34
36 3.750000 24.330000 -6.800000 0.500000 35
37 4.390000 25.280000 -6.800000 0.500000 36
38 4.990000 26.240000 -6.800000 0.500000 37
39 5.750000 26.400000 -6.800000 0.500000 38
40 6.370000 27.350000 -6.800000 0.500000 39
41 6.210000 28.110000 -6.800000 0.500000 40
42 6.040000 28.900000 -6.800000 0.500000 41
43 5.870000 29.680000 -6.800000 0.500000 42
44 5.700000 30.460000 -6.800000 0.500000 43
45 5.540000 31.220000 -6.800000 0.500000 44
46 6.170000 32.180000 -10.180000 0.500000 45
47 6.000000 32.960000 -10.180000 0.500000 46
48 5.840000 33.710000 -10.180000 0.500000 47
49 6.420000 34.670000 -10.180000 0.500000 48
50 -0.800000 15.240000 -10.180000 0.500000 18
51 -1.720000 15.870000 -10.180000 0.500000 50
52 -2.670000 16.490000 -10.180000 0.500000 51
53 -2.830000 17.240000 -10.180000 0.500000 52
54 -3.790000 17.860000 -10.180000 0.500000 53
55 -4.720000 18.480000 -10.180000 0.500000 54
56 -4.890000 19.270000 -10.180000 0.500000 55
57 -5.050000 20.020000 -10.180000 0.500000 56
58 -5.220000 20.810000 -10.180000 0.500000 57
59 -5.390000 21.590000 -10.180000 0.500000 58
60 -5.550000 22.360000 -10.180000 0.500000 59
61 -5.720000 23.140000 -10.180000 0.500000 60
62 -5.120000 24.090000 -10.180000 0.500000 61
63 -5.290000 24.880000 -10.180000 0.500000 62
64 -4.650000 25.800000 -10.180000 0.500000 63
65 -5.610000 26.420000 -10.180000 0.500000 64
66 -5.780000 27.200000 -6.800000 0.500000 65
67 -6.710000 27.820000 -3.400000 0.500000 66
68 -7.480000 27.660000 -3.400000 0.500000 67
69 -8.270000 27.490000 -3.400000 0.500000 68
70 -9.210000 28.080000 -3.400000 0.500000 69
71 -10.150000 28.710000 -3.400000 0.500000 70
72 -10.310000 29.490000 -3.400000 0.500000 71
73 -11.250000 30.080000 -3.400000 0.500000 72
74 -11.410000 30.870000 -6.800000 0.500000 73
75 -10.810000 31.820000 -10.180000 0.500000 74
