699
0 13.440000 12.030000 11.910000 8.629000 -1
1 15.860000 15.180000 13.520000 7.733000 0
2 19.910000 20.460000 14.850000 6.892000 1
3 23.640000 21.680000 16.250000 4.539000 2
4 28.830000 23.370000 17.410000 2.185000 3
5 50.550000 64.000000 15.660000 2.185000 4
6 51.630000 68.560000 13.440000 2.185000 5
7 52.620000 125.840000 10.990000 2.858000 6
8 48.580000 147.280000 9.540000 3.053000 7
9 43.550000 167.940000 8.250000 2.959000 8
10 56.330000 170.470000 4.100000 0.840000 9
11 64.320000 173.000000 0.730000 0.585000 10
12 72.810000 173.250000 -2.690000 0.505000 11
13 75.380000 168.250000 -1.060000 0.576000 12
14 74.200000 163.810000 1.170000 0.473000 13
15 72.210000 155.440000 3.560000 0.552000 14
16 78.850000 172.060000 0.360000 0.653000 13
17 82.310000 171.340000 1.820000 0.493000 16
18 83.890000 169.280000 3.600000 0.566000 17
19 39.410000 182.530000 6.850000 2.959000 9
20 45.020000 198.410000 3.820000 3.026000 19
21 55.960000 192.310000 0.010000 0.672000 20
22 64.040000 191.280000 -3.340000 0.770000 21
23 68.300000 189.690000 -5.200000 0.590000 22
24 46.600000 204.810000 1.500000 3.026000 20
25 57.070000 220.410000 -2.310000 2.353000 24
26 55.790000 222.090000 -4.140000 2.017000 25
27 68.760000 212.160000 -4.220000 0.866000 26
28 72.550000 208.840000 -2.810000 0.655000 27
29 75.060000 209.690000 -1.200000 0.694000 28
30 85.420000 204.030000 -0.860000 0.816000 29
31 59.890000 236.090000 -6.910000 2.017000 26
32 53.210000 244.250000 -7.860000 0.672000 31
33 52.180000 245.280000 -9.730000 0.672000 32
34 45.570000 252.530000 -10.690000 0.672000 33
35 41.730000 254.590000 -12.090000 0.735000 34
36 45.090000 245.910000 -4.500000 0.715000 32
37 41.320000 244.250000 -5.890000 0.722000 36
38 39.920000 243.780000 -3.630000 0.439000 37
39 37.140000 247.280000 -3.190000 0.567000 37
40 60.100000 237.130000 -8.980000 2.017000 31
41 64.060000 250.970000 -10.290000 2.185000 40
42 77.440000 254.780000 -10.500000 0.840000 41
43 87.920000 254.220000 -10.210000 0.795000 42
44 93.040000 252.630000 -9.020000 0.910000 43
45 97.760000 247.630000 -7.760000 0.708000 44
46 101.710000 241.500000 -6.350000 0.652000 45
47 100.220000 255.560000 -8.200000 0.683000 44
48 107.930000 257.310000 -7.460000 0.512000 47
49 108.500000 262.830000 -5.550000 0.499000 48
50 117.040000 254.500000 -6.930000 0.608000 48
51 65.500000 255.280000 -11.930000 2.185000 41
52 69.970000 272.940000 -11.120000 2.659000 51
53 71.700000 285.910000 -9.440000 2.974000 52
54 84.810000 284.750000 -9.580000 0.615000 53
55 101.160000 279.940000 -10.230000 0.577000 54
56 102.830000 278.830000 -8.480000 0.504000 55
57 107.610000 280.520000 -7.250000 0.672000 56
58 72.350000 298.940000 -7.570000 2.974000 53
59 62.020000 294.940000 -7.870000 0.672000 58
60 56.820000 295.160000 -4.990000 0.583000 59
61 54.000000 296.560000 -2.490000 0.672000 60
62 73.490000 303.380000 -5.750000 2.974000 58
63 74.240000 304.750000 -3.860000 2.690000 62
64 63.270000 305.560000 -4.070000 0.504000 63
65 58.600000 308.910000 -1.290000 0.672000 64
66 57.370000 309.220000 -0.720000 0.852000 65
67 75.470000 320.060000 -2.100000 2.690000 63
68 62.260000 320.770000 -1.950000 0.524000 67
69 77.000000 330.940000 -0.380000 2.690000 67
70 89.250000 331.340000 -0.380000 1.009000 69
71 103.670000 328.220000 -0.720000 0.854000 70
72 77.410000 335.530000 1.560000 2.690000 69
73 77.120000 344.060000 3.590000 2.353000 72
74 81.440000 355.940000 4.850000 0.840000 73
75 96.180000 354.380000 4.450000 0.747000 74
76 102.990000 348.440000 5.370000 0.593000 75
77 101.800000 353.500000 5.550000 0.747000 75
78 117.960000 352.970000 4.890000 0.791000 77
79 127.990000 356.810000 5.250000 0.677000 78
80 141.530000 357.810000 5.020000 0.951000 79
81 148.740000 361.910000 5.840000 0.574000 80
82 148.660000 342.380000 5.940000 0.521000 80
83 151.160000 332.000000 7.590000 0.462000 82
84 83.090000 360.590000 6.580000 0.840000 74
85 89.620000 365.250000 7.510000 0.672000 84
86 96.880000 369.630000 8.320000 0.702000 85
87 101.310000 371.810000 9.600000 0.836000 86
88 113.740000 373.250000 9.560000 0.672000 87
89 125.090000 373.780000 9.700000 0.556000 88
90 105.760000 375.160000 6.820000 0.836000 87
91 111.020000 379.970000 3.900000 0.634000 90
92 114.390000 383.630000 5.360000 0.651000 91
93 124.210000 379.220000 2.130000 0.672000 92
94 129.960000 377.090000 -0.830000 0.499000 93
95 121.660000 383.690000 5.500000 0.732000 92
96 127.830000 386.530000 6.490000 0.577000 95
97 139.580000 384.780000 4.220000 0.510000 96
98 76.820000 349.690000 5.650000 2.353000 73
99 77.610000 372.500000 7.440000 1.849000 98
100 78.050000 377.750000 5.320000 1.411000 99
101 71.040000 385.250000 4.420000 0.672000 100
102 67.920000 391.810000 2.880000 1.009000 101
103 59.390000 397.090000 5.160000 0.269000 102
104 65.780000 397.250000 5.240000 1.009000 102
105 65.810000 406.030000 3.170000 0.605000 104
106 62.460000 415.590000 5.710000 0.840000 105
107 54.730000 421.090000 8.990000 0.926000 106
108 62.360000 417.090000 7.740000 0.840000 106
109 61.090000 423.250000 9.960000 0.506000 108
110 59.550000 428.810000 12.210000 0.549000 109
111 56.040000 428.780000 12.690000 0.664000 110
112 59.390000 432.000000 14.250000 0.549000 110
113 60.480000 433.660000 12.040000 0.624000 112
114 58.440000 435.440000 10.340000 0.507000 113
115 63.020000 438.280000 9.570000 0.624000 113
116 64.440000 445.410000 7.280000 0.672000 115
117 77.760000 386.280000 7.360000 1.411000 100
118 75.350000 401.190000 8.150000 0.784000 117
119 72.970000 416.090000 10.510000 1.066000 118
120 72.350000 429.130000 9.640000 1.227000 119
121 72.730000 434.720000 7.520000 1.237000 120
122 81.290000 431.530000 4.090000 0.752000 121
123 72.460000 435.970000 5.540000 1.237000 121
124 73.320000 438.380000 3.360000 1.065000 123
125 79.610000 436.500000 0.300000 0.672000 124
126 73.920000 440.280000 1.220000 1.065000 124
127 87.430000 443.160000 -3.050000 0.713000 126
128 92.800000 447.530000 -5.980000 0.570000 127
129 96.840000 453.410000 -8.700000 0.672000 128
130 73.270000 445.090000 -0.710000 0.840000 126
131 64.700000 450.750000 -1.340000 0.683000 130
132 57.530000 459.130000 -2.220000 0.589000 131
133 73.230000 446.340000 -2.730000 0.840000 130
134 80.600000 451.530000 -6.010000 0.840000 133
135 82.550000 456.840000 -8.380000 0.646000 134
136 79.620000 458.470000 -9.930000 0.521000 135
137 84.330000 458.060000 -10.710000 0.621000 135
138 90.560000 457.720000 -13.770000 0.619000 137
139 65.420000 457.470000 -3.520000 0.835000 133
140 63.320000 463.720000 -5.220000 0.713000 139
141 56.600000 464.910000 -6.150000 0.873000 140
142 54.750000 464.530000 -7.870000 1.086000 141
143 51.420000 462.840000 -9.330000 0.680000 142
144 83.770000 394.590000 8.350000 1.294000 117
145 86.390000 401.660000 9.910000 1.009000 144
146 87.260000 402.660000 11.790000 1.682000 145
147 96.320000 402.000000 12.320000 1.177000 146
148 109.630000 406.130000 12.130000 0.905000 147
149 119.320000 400.750000 11.100000 0.672000 148
150 111.950000 406.410000 13.770000 0.905000 148
151 121.900000 405.810000 10.690000 0.941000 150
152 133.490000 409.380000 10.780000 0.672000 151
153 142.940000 403.090000 9.110000 0.702000 152
154 149.860000 399.280000 10.010000 0.652000 153
155 88.230000 403.310000 13.660000 1.682000 146
156 92.320000 413.310000 14.960000 1.104000 155
157 94.960000 416.780000 12.480000 1.063000 156
158 110.260000 420.530000 7.900000 1.009000 157
159 123.870000 422.060000 3.620000 0.919000 158
160 123.350000 429.160000 1.640000 0.470000 159
161 124.300000 422.340000 1.520000 0.919000 159
162 128.870000 416.060000 -1.240000 0.623000 161
163 138.940000 415.530000 -0.870000 0.771000 162
164 145.680000 410.340000 -1.270000 0.638000 163
165 127.100000 423.000000 -0.970000 0.919000 161
166 144.440000 422.970000 -4.760000 0.887000 165
167 149.220000 421.380000 -7.570000 0.563000 166
168 150.430000 428.190000 -9.820000 0.504000 167
169 154.240000 421.500000 -10.420000 0.681000 167
170 156.260000 425.560000 -8.750000 0.723000 169
171 99.000000 424.030000 9.750000 1.063000 157
172 94.300000 436.500000 8.450000 0.504000 171
173 98.830000 424.910000 7.750000 1.063000 171
174 104.230000 427.880000 4.810000 1.080000 173
175 102.730000 442.220000 2.970000 0.662000 174
176 107.200000 429.250000 2.280000 1.080000 174
177 114.070000 431.690000 -0.880000 0.957000 176
178 120.060000 431.440000 -3.900000 0.719000 177
179 127.070000 431.190000 -7.080000 0.699000 178
180 118.620000 437.340000 -3.690000 0.567000 177
181 122.050000 442.910000 -6.310000 0.682000 180
182 128.210000 444.340000 -9.360000 0.884000 181
183 134.120000 443.090000 -12.360000 1.179000 182
184 36.510000 185.970000 5.290000 3.530000 19
185 23.620000 184.280000 5.400000 0.556000 184
186 5.200000 177.690000 6.460000 0.618000 185
187 -1.390000 175.880000 5.530000 0.593000 186
188 -10.210000 171.190000 4.990000 0.710000 187
189 -14.950000 167.630000 3.760000 0.531000 188
190 -18.860000 173.630000 2.350000 0.575000 189
191 -19.300000 165.470000 2.460000 0.571000 189
192 -20.440000 163.910000 0.630000 0.496000 191
193 22.520000 211.970000 5.470000 3.530000 184
194 11.780000 205.410000 5.250000 0.672000 193
195 5.620000 199.910000 4.260000 0.497000 194
196 3.760000 193.130000 2.570000 0.569000 195
197 0.960000 190.130000 1.030000 0.555000 196
198 16.440000 221.500000 4.400000 3.530000 193
199 0.920000 215.630000 4.970000 0.896000 198
200 -4.320000 214.060000 3.820000 0.949000 199
201 -8.990000 212.810000 2.580000 0.958000 200
202 -13.880000 219.090000 1.330000 0.501000 201
203 -10.080000 212.560000 0.720000 0.958000 201
204 -18.260000 210.690000 0.060000 0.753000 203
205 -24.340000 206.970000 -0.930000 0.856000 204
206 -26.660000 206.630000 -2.570000 0.840000 205
207 -30.120000 202.280000 -4.010000 0.553000 206
208 -30.450000 197.970000 -1.910000 0.549000 207
209 -29.090000 191.410000 -4.130000 0.506000 208
210 -26.790000 194.380000 -2.500000 0.785000 209
211 -28.560000 188.000000 -6.230000 0.487000 209
212 -31.640000 187.470000 -7.740000 0.504000 211
213 -29.610000 186.810000 -4.030000 0.487000 211
214 -29.330000 185.560000 -2.040000 0.487000 213
215 -29.410000 182.310000 -6.070000 0.496000 213
216 -29.400000 205.750000 -4.140000 0.840000 206
217 -33.150000 206.660000 -5.550000 0.914000 216
218 -36.270000 204.810000 -7.060000 0.497000 217
219 -39.250000 195.500000 -8.550000 0.510000 218
220 -44.270000 190.660000 -9.720000 0.598000 219
221 -48.670000 186.560000 -11.000000 0.607000 220
222 -52.440000 186.910000 -12.400000 0.516000 221
223 -37.320000 209.840000 -6.900000 0.757000 217
224 -43.230000 208.500000 -7.950000 0.601000 223
225 -47.210000 210.910000 -9.320000 0.520000 224
226 -51.480000 214.030000 -10.660000 0.559000 225
227 -56.470000 217.840000 -11.870000 0.524000 226
228 11.520000 229.410000 3.160000 3.530000 198
229 13.320000 247.410000 0.750000 2.858000 228
230 22.580000 247.280000 -2.800000 0.672000 229
231 13.470000 250.060000 -1.310000 2.858000 229
232 15.040000 254.410000 -3.610000 2.858000 231
233 23.980000 261.160000 -7.150000 0.704000 232
234 16.640000 259.940000 -5.930000 2.858000 232
235 4.820000 264.770000 -6.020000 0.672000 234
236 16.640000 261.690000 -7.960000 2.858000 234
237 16.310000 264.630000 -9.950000 2.858000 236
238 21.390000 275.020000 -12.860000 2.185000 237
239 23.040000 268.720000 -15.140000 0.504000 238
240 26.100000 285.270000 -15.720000 2.185000 238
241 34.320000 280.520000 -19.080000 0.557000 240
242 36.570000 277.750000 -17.420000 0.601000 241
243 36.430000 281.440000 -17.410000 0.427000 241
244 38.820000 286.690000 -15.800000 0.598000 243
245 25.160000 286.500000 -17.590000 2.185000 240
246 28.680000 296.520000 -20.250000 1.513000 245
247 31.450000 308.020000 -22.780000 1.513000 246
248 41.280000 342.130000 -22.540000 1.513000 247
249 44.330000 360.060000 -21.100000 1.249000 248
250 43.200000 372.030000 -18.930000 1.253000 249
251 52.990000 369.590000 -18.510000 0.504000 250
252 42.960000 378.970000 -16.890000 1.253000 250
253 36.090000 381.440000 -13.740000 0.483000 252
254 32.000000 379.500000 -11.030000 0.681000 253
255 43.400000 381.500000 -14.950000 1.253000 252
256 43.490000 388.030000 -12.970000 1.084000 255
257 49.690000 389.280000 -11.970000 0.672000 256
258 51.970000 388.280000 -10.320000 0.672000 257
259 42.690000 399.660000 -10.860000 1.084000 256
260 42.470000 401.560000 -8.800000 0.913000 259
261 50.790000 409.090000 -8.190000 0.448000 260
262 39.570000 409.630000 -6.330000 0.913000 260
263 43.760000 415.630000 -5.020000 0.747000 262
264 37.170000 418.250000 -3.940000 0.913000 262
265 36.710000 425.880000 -1.870000 0.748000 264
266 37.930000 429.910000 -0.060000 1.075000 265
267 41.940000 432.410000 1.280000 0.504000 266
268 43.080000 432.440000 -0.930000 0.504000 267
269 46.250000 430.060000 0.570000 0.468000 268
270 46.310000 426.910000 2.600000 0.374000 269
271 46.490000 435.130000 -3.530000 0.504000 268
272 53.620000 440.780000 -6.770000 0.552000 271
273 55.080000 445.470000 -9.060000 0.641000 272
274 59.070000 447.810000 -11.750000 0.672000 273
275 55.310000 450.940000 -11.150000 0.766000 273
276 38.700000 432.090000 1.810000 0.796000 266
277 34.650000 436.660000 0.440000 0.504000 276
278 31.920000 440.630000 -0.550000 0.501000 277
279 31.520000 445.130000 -2.520000 0.427000 278
280 23.750000 440.310000 -1.220000 0.654000 278
281 38.650000 434.840000 3.840000 0.796000 276
282 40.970000 439.500000 1.400000 0.625000 281
283 44.810000 442.470000 -1.260000 0.633000 282
284 45.180000 444.340000 -3.360000 0.646000 283
285 36.970000 445.690000 -4.030000 0.585000 284
286 46.380000 445.690000 -5.590000 0.646000 284
287 45.020000 451.440000 -7.420000 0.504000 286
288 46.750000 450.880000 -9.730000 0.549000 287
289 14.550000 271.580000 -11.710000 2.858000 237
290 6.290000 274.310000 -12.380000 0.592000 289
291 13.720000 274.690000 -13.610000 2.858000 289
292 6.590000 277.810000 -14.480000 0.828000 291
293 11.960000 284.580000 -15.400000 2.858000 291
294 0.330000 283.970000 -15.500000 0.941000 293
295 -5.450000 291.330000 -16.600000 0.897000 294
296 11.570000 286.220000 -17.370000 2.858000 293
297 11.270000 292.470000 -19.370000 2.522000 296
298 2.290000 302.720000 -19.960000 1.177000 297
299 -3.090000 299.580000 -21.080000 0.585000 298
300 -5.990000 308.720000 -20.640000 0.672000 298
301 12.130000 311.630000 -21.630000 2.522000 297
302 10.560000 322.000000 -23.440000 2.522000 301
303 -4.140000 323.440000 -23.040000 0.672000 302
304 8.930000 331.750000 -21.180000 2.522000 302
305 10.010000 357.530000 -19.450000 2.353000 304
306 5.780000 367.410000 -16.760000 2.375000 305
307 17.660000 385.630000 -16.790000 0.626000 306
308 23.750000 398.060000 -19.880000 0.561000 307
309 20.380000 405.690000 -21.380000 0.672000 308
310 5.350000 370.030000 -14.680000 2.375000 306
311 -7.580000 379.060000 -10.550000 0.840000 310
312 -9.940000 383.190000 -9.690000 0.336000 311
313 -15.460000 386.750000 -10.820000 0.418000 312
314 -12.540000 377.250000 -7.690000 0.504000 311
315 -17.800000 374.660000 -7.980000 0.689000 314
316 -22.890000 376.690000 -9.180000 0.452000 315
317 2.410000 382.750000 -16.280000 2.375000 310
318 0.000000 388.160000 -16.970000 2.519000 317
319 10.160000 396.380000 -16.660000 0.616000 318
320 -3.870000 396.750000 -14.340000 2.519000 318
321 6.420000 415.220000 -14.100000 0.769000 320
322 15.160000 417.780000 -13.530000 0.678000 321
323 10.110000 428.000000 -12.740000 0.725000 321
324 8.270000 432.630000 -10.420000 0.495000 323
325 16.030000 437.410000 -11.730000 0.638000 323
326 -5.020000 399.590000 -12.130000 2.519000 320
327 -18.800000 403.720000 -7.840000 0.672000 326
328 -26.070000 411.840000 -4.680000 0.664000 327
329 -31.400000 419.030000 -1.840000 0.830000 328
330 -29.060000 427.690000 -0.230000 0.563000 329
331 -33.830000 422.000000 -3.470000 0.830000 329
332 -39.460000 419.810000 -0.500000 0.508000 331
333 -34.780000 423.000000 -4.810000 0.830000 331
334 -41.820000 428.880000 -5.700000 0.610000 333
335 -42.800000 431.090000 -7.560000 0.694000 334
336 -40.460000 436.880000 -5.950000 0.504000 335
337 -45.250000 437.000000 -9.210000 0.694000 335
338 -8.630000 408.630000 -9.540000 2.519000 326
339 -8.260000 412.810000 -7.600000 1.465000 338
340 -23.710000 433.340000 -3.100000 0.746000 339
341 -40.880000 448.970000 -2.350000 0.711000 340
342 -27.480000 446.590000 -4.570000 0.572000 340
343 -32.350000 451.780000 -5.810000 0.527000 342
344 -7.090000 425.030000 -5.810000 1.465000 339
345 -6.030000 430.310000 -3.990000 1.641000 344
346 -11.710000 443.250000 -5.140000 0.999000 345
347 -4.120000 438.380000 -2.310000 1.641000 345
348 -2.070000 441.090000 -0.640000 1.589000 347
349 1.150000 450.500000 -3.240000 0.617000 348
350 -0.470000 457.840000 -5.030000 0.609000 349
351 -0.840000 458.630000 -7.000000 0.404000 350
352 2.580000 464.530000 -9.620000 0.504000 351
353 0.770000 469.160000 -11.370000 0.504000 352
354 -5.120000 460.030000 -8.330000 0.716000 351
355 -5.960000 465.090000 -10.240000 0.535000 354
356 -0.830000 442.250000 1.170000 1.589000 348
357 5.370000 444.880000 -1.890000 0.781000 356
358 10.260000 454.160000 -4.770000 0.742000 357
359 15.090000 456.660000 -7.600000 1.009000 358
360 12.300000 461.090000 -9.190000 0.504000 359
361 18.710000 459.660000 -10.240000 1.009000 359
362 22.190000 459.630000 -12.850000 0.784000 361
363 21.640000 464.030000 -14.810000 0.519000 362
364 17.760000 464.780000 -16.190000 0.634000 363
365 14.230000 466.410000 -17.640000 0.406000 364
366 28.240000 461.410000 -15.890000 0.840000 362
367 36.340000 464.310000 -19.270000 0.829000 366
368 42.980000 464.000000 -22.400000 0.536000 367
369 34.580000 466.840000 -21.020000 0.504000 367
370 32.540000 469.000000 -22.710000 0.601000 369
371 30.350000 467.780000 -24.370000 0.672000 370
372 -5.600000 245.590000 3.890000 2.690000 228
373 -17.840000 241.840000 3.910000 0.504000 372
374 -20.240000 242.160000 2.280000 0.668000 373
375 -20.660000 236.750000 0.350000 0.488000 374
376 -23.580000 233.410000 -1.170000 0.602000 375
377 -25.820000 238.970000 1.190000 0.668000 374
378 -32.750000 240.810000 0.300000 0.682000 377
379 -33.750000 236.810000 -1.530000 0.487000 378
380 -37.470000 242.190000 -0.930000 0.682000 378
381 -43.050000 240.090000 -2.030000 0.584000 380
382 -9.990000 248.190000 2.580000 2.690000 372
383 -7.780000 255.810000 0.160000 0.840000 382
384 -10.060000 261.160000 1.540000 0.672000 383
385 -9.100000 263.910000 3.400000 0.497000 384
386 -11.510000 249.410000 0.800000 2.690000 382
387 -15.250000 253.970000 -0.620000 3.194000 386
388 -31.940000 253.630000 0.120000 1.009000 387
389 -22.120000 264.410000 -1.550000 3.194000 387
390 -22.660000 265.160000 -3.490000 2.858000 389
391 -16.310000 276.220000 -6.620000 0.672000 390
392 -12.900000 275.580000 -9.210000 0.644000 391
393 -23.210000 265.910000 -5.440000 2.858000 390
394 -34.510000 265.720000 -5.590000 0.814000 393
395 -45.270000 266.500000 -5.830000 0.994000 394
396 -54.430000 264.880000 -6.330000 1.051000 395
397 -60.860000 257.250000 -7.270000 0.617000 396
398 -27.350000 275.380000 -6.820000 2.858000 393
399 -35.760000 274.580000 -7.440000 0.677000 398
400 -39.420000 276.520000 -8.870000 0.608000 399
401 -28.110000 276.810000 -8.720000 2.858000 398
402 -23.140000 283.020000 -11.600000 0.504000 401
403 -19.760000 283.690000 -14.190000 0.727000 402
404 -30.240000 281.560000 -10.410000 2.858000 401
405 -30.880000 282.690000 -12.340000 3.194000 404
406 -41.460000 286.130000 -12.630000 1.344000 405
407 -46.920000 289.190000 -13.770000 1.336000 406
408 -51.060000 292.500000 -11.070000 1.289000 407
409 -56.460000 292.220000 -8.150000 0.951000 408
410 -59.960000 288.500000 -5.520000 0.685000 409
411 -65.110000 281.630000 -2.610000 0.637000 410
412 -54.810000 295.690000 -8.440000 1.289000 408
413 -57.840000 297.880000 -5.920000 1.299000 412
414 -62.530000 299.880000 -3.120000 1.351000 413
415 -68.690000 302.660000 -0.090000 1.181000 414
416 -78.720000 301.440000 2.800000 1.088000 415
417 -78.160000 301.630000 0.680000 0.948000 416
418 -86.120000 299.060000 -0.010000 0.703000 417
419 -90.080000 299.310000 2.660000 0.602000 418
420 -96.290000 296.660000 5.730000 0.586000 419
421 -86.850000 307.060000 0.070000 0.948000 417
422 -94.310000 313.720000 -0.750000 0.865000 421
423 -101.460000 311.500000 2.460000 0.708000 422
424 -96.770000 315.970000 1.670000 0.865000 422
425 -102.010000 322.270000 4.530000 0.636000 424
426 -104.390000 324.910000 6.950000 0.596000 425
427 -106.520000 328.310000 9.320000 0.487000 426
428 -32.530000 286.380000 -14.110000 3.194000 405
429 -24.020000 291.250000 -17.570000 0.672000 428
430 -23.020000 293.020000 -15.720000 0.573000 429
431 -24.240000 297.270000 -13.510000 0.504000 430
432 -21.750000 294.410000 -13.910000 0.507000 430
433 -36.450000 301.580000 -15.560000 3.194000 428
434 -47.470000 316.160000 -15.830000 2.185000 433
435 -57.500000 315.250000 -16.180000 0.522000 434
436 -50.130000 319.880000 -17.430000 2.185000 434
437 -56.380000 328.660000 -18.460000 2.017000 436
438 -61.180000 326.160000 -19.680000 0.840000 437
439 -65.970000 328.380000 -20.920000 0.603000 438
440 -74.050000 333.160000 -21.630000 0.772000 439
441 -77.230000 332.440000 -19.080000 0.612000 440
442 -79.110000 336.190000 -19.070000 0.772000 440
443 -88.970000 336.250000 -15.410000 0.840000 442
444 -96.320000 333.500000 -12.150000 0.962000 443
445 -88.070000 345.160000 -15.600000 0.798000 442
446 -92.240000 345.590000 -12.890000 0.672000 445
447 -91.760000 348.660000 -12.980000 0.798000 445
448 -100.170000 351.250000 -9.570000 0.630000 447
449 -62.650000 337.340000 -19.480000 2.017000 437
450 -66.460000 342.840000 -20.910000 2.185000 449
451 -62.370000 357.130000 -19.620000 0.462000 450
452 -63.760000 360.500000 -17.380000 0.336000 451
453 -72.450000 351.440000 -17.930000 2.185000 450
454 -77.130000 359.380000 -15.160000 2.185000 453
455 -90.130000 362.750000 -10.990000 0.840000 454
456 -96.730000 364.250000 -7.880000 0.499000 455
457 -101.730000 363.310000 -5.010000 0.613000 456
458 -80.700000 366.380000 -12.570000 2.185000 454
459 -80.210000 368.880000 -10.630000 0.598000 458
460 -76.370000 369.750000 -9.250000 0.623000 459
461 -79.460000 373.190000 -8.750000 0.844000 459
462 -87.850000 379.470000 -9.410000 2.185000 458
463 -89.610000 382.690000 -7.110000 2.115000 462
464 -105.570000 386.190000 -2.450000 0.840000 463
465 -122.450000 391.280000 2.340000 0.840000 464
466 -128.810000 392.000000 5.410000 0.672000 465
467 -131.120000 397.030000 7.800000 0.410000 466
468 -129.860000 385.910000 7.650000 0.597000 466
469 -93.630000 392.440000 -4.460000 2.115000 463
470 -95.080000 406.530000 -2.250000 1.009000 469
471 -95.740000 413.530000 -0.150000 0.672000 470
472 -94.660000 418.630000 1.670000 0.741000 471
473 -93.740000 421.660000 3.530000 0.633000 472
474 -95.840000 422.910000 5.910000 0.488000 473
475 -95.260000 395.280000 -2.170000 2.115000 469
476 -99.880000 399.840000 0.590000 1.755000 475
477 -99.770000 400.630000 2.590000 1.709000 476
478 -108.950000 401.810000 6.140000 0.775000 477
479 -121.280000 408.280000 10.180000 0.888000 478
480 -123.230000 414.160000 12.510000 0.455000 479
481 -125.930000 416.000000 14.970000 0.530000 480
482 -126.710000 410.720000 13.100000 0.888000 479
483 -136.720000 413.130000 16.770000 0.789000 482
484 -145.030000 416.720000 20.160000 0.701000 483
485 -145.250000 407.380000 22.260000 0.490000 484
486 -148.240000 418.310000 22.710000 0.710000 484
487 -102.240000 408.060000 5.000000 1.709000 477
488 -110.420000 417.190000 8.340000 1.237000 487
489 -111.750000 419.030000 10.580000 0.785000 488
490 -110.920000 419.530000 12.470000 0.785000 489
491 -109.180000 428.840000 14.160000 0.504000 490
492 -102.660000 429.030000 15.110000 0.775000 491
493 -97.080000 427.530000 16.220000 0.551000 492
494 -113.460000 428.590000 14.880000 0.785000 490
495 -115.770000 431.750000 13.540000 0.707000 494
496 -116.710000 441.000000 11.630000 0.328000 495
497 -124.400000 439.440000 16.970000 0.707000 495
498 -130.280000 440.750000 15.910000 0.803000 497
499 -136.930000 439.720000 14.990000 0.851000 498
500 -139.220000 439.340000 13.340000 0.917000 499
501 -117.720000 420.060000 13.590000 0.920000 489
502 -121.280000 430.380000 16.170000 0.507000 501
503 -124.630000 422.060000 16.760000 0.920000 501
504 -130.690000 427.750000 19.770000 1.020000 503
505 -137.380000 428.910000 22.900000 0.643000 504
506 -144.680000 431.030000 26.120000 0.744000 505
507 -153.190000 435.470000 29.540000 0.583000 506
508 -132.940000 429.000000 22.160000 1.020000 504
509 -135.400000 433.470000 24.570000 0.917000 508
510 -131.000000 434.000000 25.870000 0.504000 509
511 -135.780000 434.470000 26.660000 0.917000 509
512 -137.880000 438.560000 29.020000 0.780000 511
513 -139.590000 438.630000 31.330000 0.798000 512
514 -35.000000 312.310000 -17.870000 2.185000 433
515 -26.790000 312.270000 -17.210000 0.744000 514
516 -25.220000 310.770000 -15.430000 0.813000 515
517 -20.340000 310.270000 -14.210000 1.012000 516
518 -34.470000 318.160000 -15.960000 2.185000 514
519 -33.260000 322.880000 -18.210000 2.017000 518
520 -19.520000 321.940000 -22.510000 1.177000 519
521 -31.420000 328.500000 -20.570000 2.017000 519
522 -32.310000 332.470000 -22.470000 2.254000 521
523 -25.820000 337.160000 -25.590000 0.661000 522
524 -22.780000 335.810000 -24.060000 0.678000 523
525 -33.460000 335.940000 -24.310000 2.254000 522
526 -34.230000 337.440000 -26.220000 2.017000 525
527 -29.500000 349.130000 -26.290000 0.504000 526
528 -28.850000 353.310000 -24.380000 0.504000 527
529 -28.310000 354.440000 -22.450000 0.510000 528
530 -37.720000 351.190000 -27.730000 2.017000 526
531 -46.660000 355.440000 -28.300000 0.840000 530
532 -38.700000 353.440000 -29.610000 2.017000 530
533 -41.590000 360.060000 -31.180000 2.141000 532
534 -37.180000 365.310000 -30.200000 1.009000 533
535 -34.560000 367.000000 -28.610000 0.893000 534
536 -45.600000 370.720000 -30.690000 2.141000 533
537 -51.050000 376.440000 -27.780000 0.954000 536
538 -60.270000 374.410000 -24.220000 0.661000 537
539 -60.210000 386.030000 -24.280000 0.840000 537
540 -66.580000 395.310000 -21.240000 0.535000 539
541 -66.440000 386.380000 -21.220000 0.690000 539
542 -46.540000 372.810000 -28.520000 2.141000 536
543 -40.360000 376.590000 -27.520000 0.336000 542
544 -38.100000 376.560000 -25.880000 0.515000 543
545 -50.760000 385.380000 -25.840000 2.141000 542
546 -52.220000 389.380000 -23.590000 1.783000 545
547 -45.160000 395.590000 -22.760000 0.766000 546
548 -37.030000 392.090000 -22.070000 0.643000 547
549 -54.920000 396.690000 -21.150000 1.783000 546
550 -45.780000 404.880000 -20.670000 0.840000 549
551 -57.870000 403.530000 -18.660000 1.783000 549
552 -57.760000 404.250000 -16.660000 1.564000 551
553 -49.880000 410.560000 -15.960000 0.450000 552
554 -62.650000 412.810000 -13.860000 1.564000 552
555 -55.850000 416.340000 -12.970000 0.672000 554
556 -62.650000 413.970000 -11.840000 1.564000 554
557 -75.740000 422.090000 -7.670000 0.959000 556
558 -86.590000 430.280000 -3.880000 0.947000 557
559 -92.050000 434.440000 -0.970000 1.006000 558
560 -97.040000 440.470000 1.850000 0.835000 559
561 -101.670000 441.690000 4.630000 0.703000 560
562 -63.130000 415.310000 -9.730000 1.564000 556
563 -63.110000 422.690000 -7.740000 1.042000 562
564 -57.100000 422.630000 -6.710000 0.496000 563
565 -62.090000 427.530000 -5.900000 1.042000 563
566 -60.970000 431.970000 -4.080000 1.119000 565
567 -55.230000 431.310000 -3.000000 0.509000 566
568 -59.840000 436.380000 -2.270000 1.119000 566
569 -58.770000 439.560000 -0.430000 1.106000 568
570 -62.850000 440.840000 1.710000 0.516000 569
571 -56.910000 440.840000 1.280000 1.106000 569
572 -59.560000 446.190000 0.140000 0.389000 571
573 -63.760000 446.030000 -1.180000 0.504000 572
574 -56.330000 442.590000 2.880000 1.106000 571
575 -55.290000 446.810000 1.180000 0.987000 574
576 -49.920000 443.750000 -1.710000 0.495000 575
577 -54.780000 447.810000 0.850000 0.987000 575
578 -54.890000 450.690000 -1.160000 0.791000 577
579 -50.510000 453.970000 -3.930000 0.632000 578
580 -56.440000 451.500000 -2.940000 0.618000 578
581 -59.890000 448.630000 -4.380000 0.504000 580
582 -59.320000 453.060000 -4.500000 0.618000 580
583 -62.110000 450.880000 -6.050000 0.504000 582
584 -61.360000 454.030000 -6.180000 0.618000 582
585 -63.840000 417.470000 -7.600000 1.564000 562
586 -68.560000 427.690000 -4.840000 1.260000 585
587 -73.170000 437.530000 -2.090000 1.624000 586
588 -81.780000 443.090000 1.330000 1.098000 587
589 -83.480000 444.560000 1.440000 1.173000 588
590 -86.140000 442.190000 3.920000 0.419000 589
591 -86.790000 440.060000 6.060000 0.504000 590
592 -84.580000 445.060000 0.860000 1.173000 589
593 -88.210000 444.440000 3.500000 0.528000 592
594 -87.670000 447.380000 -0.650000 1.173000 592
595 -92.910000 452.250000 -1.840000 0.990000 594
596 -96.340000 453.060000 -3.300000 0.592000 595
597 -75.280000 443.030000 -3.790000 1.270000 587
598 -78.200000 447.000000 -5.350000 1.394000 597
599 -78.090000 448.410000 -7.400000 1.421000 598
600 -81.620000 455.130000 -8.870000 0.698000 599
601 -83.560000 456.250000 -10.580000 0.558000 600
602 -77.640000 452.030000 -9.520000 1.421000 599
603 -77.530000 453.410000 -11.570000 1.043000 602
604 -67.930000 457.500000 -15.210000 0.618000 603
605 -64.290000 458.130000 -17.840000 0.605000 604
606 -74.940000 455.590000 -14.040000 1.043000 603
607 -74.250000 459.000000 -16.190000 0.909000 606
608 -74.210000 460.440000 -18.230000 0.891000 607
609 -69.400000 461.970000 -21.070000 1.021000 608
610 48.460000 52.840000 18.080000 3.479000 5
611 44.040000 32.620000 20.930000 3.782000 610
612 42.660000 18.370000 23.250000 2.807000 611
613 39.370000 8.530000 25.860000 3.411000 612
614 36.940000 -10.650000 28.380000 2.768000 613
615 35.450000 -29.960000 30.740000 3.386000 614
616 36.840000 -37.750000 32.570000 4.317000 615
617 35.460000 -61.120000 34.930000 3.567000 616
618 34.840000 -86.900000 37.170000 4.156000 617
619 35.130000 -113.530000 39.270000 4.984000 618
620 34.830000 -150.750000 41.510000 5.190000 619
621 31.530000 -173.530000 44.190000 4.561000 620
622 32.620000 -182.690000 46.080000 4.608000 621
623 35.140000 -195.940000 47.740000 5.592000 622
624 36.060000 -203.130000 49.650000 6.288000 623
625 38.320000 -213.250000 51.350000 6.054000 624
626 41.770000 -223.560000 52.850000 5.379000 625
627 41.270000 -223.630000 54.950000 5.379000 626
628 53.550000 -219.470000 50.880000 1.263000 627
629 56.780000 -218.310000 48.310000 1.000000 628
630 63.680000 -218.470000 45.950000 0.831000 629
631 67.300000 -220.310000 47.390000 0.811000 630
632 72.440000 -222.410000 48.580000 0.785000 631
633 79.410000 -226.410000 49.470000 0.782000 632
634 81.660000 -224.000000 51.110000 1.019000 633
635 82.180000 -224.660000 53.060000 1.029000 634
636 84.850000 -229.750000 54.660000 0.888000 635
637 40.520000 -224.190000 57.120000 5.379000 627
638 53.110000 -232.780000 53.030000 1.681000 637
639 61.530000 -242.000000 52.260000 1.513000 638
640 73.630000 -242.410000 52.280000 1.485000 639
641 82.410000 -243.560000 52.860000 1.001000 640
642 86.370000 -243.940000 54.240000 0.790000 641
643 86.920000 -246.000000 56.180000 1.776000 642
644 87.960000 -251.160000 58.050000 1.311000 643
645 40.460000 -226.910000 59.160000 5.379000 637
646 40.850000 -228.530000 61.130000 5.379000 645
647 47.560000 -233.720000 58.010000 1.559000 646
648 50.120000 -246.970000 55.620000 1.579000 647
649 56.570000 -249.690000 55.640000 1.009000 648
650 60.620000 -253.630000 57.010000 1.177000 649
651 64.570000 -255.880000 58.400000 0.912000 650
652 69.250000 -257.830000 59.650000 0.873000 651
653 70.840000 -259.880000 61.430000 0.840000 652
654 72.650000 -267.910000 63.190000 0.661000 653
655 75.640000 -272.410000 64.750000 0.462000 654
656 40.840000 -231.090000 63.170000 2.657000 646
657 38.960000 -237.160000 65.540000 2.307000 656
658 33.930000 -259.660000 68.500000 1.975000 657
659 30.450000 -273.810000 71.160000 2.149000 658
660 27.050000 -288.190000 69.760000 2.353000 659
661 24.560000 -300.580000 68.200000 3.088000 660
662 23.350000 -307.380000 70.460000 3.088000 661
663 27.620000 -318.310000 71.830000 0.727000 662
664 28.750000 -323.720000 70.510000 0.741000 663
665 21.750000 -312.190000 72.770000 3.248000 662
666 17.340000 -318.520000 75.560000 2.858000 665
667 11.820000 -330.840000 78.560000 2.353000 666
668 9.860000 -337.880000 80.940000 2.353000 667
669 10.280000 -342.060000 78.860000 0.892000 668
670 10.390000 -346.500000 76.830000 1.102000 669
671 10.160000 -349.060000 78.920000 0.889000 670
672 12.830000 -354.880000 80.520000 0.796000 671
673 18.860000 -355.780000 81.550000 1.009000 672
674 8.040000 -341.940000 83.290000 2.502000 668
675 -1.220000 -352.690000 86.900000 2.672000 674
676 -8.570000 -364.160000 90.190000 2.656000 675
677 -17.650000 -378.250000 93.780000 2.525000 676
678 -29.510000 -391.250000 97.840000 1.849000 677
679 -39.000000 -401.590000 101.480000 1.846000 678
680 -42.820000 -407.630000 104.170000 2.017000 679
681 -46.140000 -417.060000 106.790000 2.124000 680
682 -47.450000 -423.030000 108.620000 2.124000 681
683 -47.820000 -424.660000 109.130000 2.124000 682
684 -49.180000 -430.530000 111.400000 1.096000 683
685 -49.290000 -454.590000 109.500000 1.177000 684
686 -54.700000 -459.380000 108.390000 1.681000 685
687 -60.920000 -467.660000 107.430000 1.681000 686
688 -54.360000 -441.130000 112.310000 0.840000 683
689 -59.890000 -451.030000 115.290000 0.952000 688
690 -65.910000 -459.310000 114.310000 1.132000 689
691 -68.100000 -463.910000 112.660000 0.951000 690
692 11.690000 8.710000 10.180000 8.247000 0
693 10.230000 5.150000 8.410000 7.501000 692
694 9.340000 2.460000 6.540000 7.757000 693
695 6.100000 1.000000 5.060000 6.944000 694
696 3.880000 0.370000 3.400000 6.389000 695
697 0.250000 0.870000 1.970000 2.976000 696
698 0.000000 0.000000 0.000000 3.304000 697
