76
0 0.000000 0.000000 0.000000 4.507400 -1
1 3.390000 -2.950000 0.000000 4.507400 0
2 -3.390000 2.950000 0.000000 4.507400 0
3 2.330000 -4.560000 0.040000 0.405000 0
4 3.440000 -9.840000 0.040000 0.405000 3
5 4.450000 -13.820000 3.140000 0.405000 4
6 5.420000 -15.740000 3.140000 0.405000 5
7 6.390000 -16.580000 3.140000 0.405000 6
8 7.740000 -19.460000 4.040000 0.350000 7
9 9.590000 -20.900000 5.790000 0.350000 8
10 9.920000 -22.280000 6.490000 0.350000 9
11 8.420000 -24.370000 6.490000 0.350000 10
12 11.830000 -23.480000 6.490000 0.350000 10
13 12.450000 -25.250000 8.140000 0.350000 12
14 12.700000 -23.000000 6.740000 0.350000 12
15 14.110000 -20.670000 5.590000 0.350000 14
16 3.000000 -17.630000 2.990000 0.290000 6
17 -0.210000 -21.150000 2.290000 0.290000 16
18 -2.270000 -24.760000 0.840000 0.290000 17
19 -3.770000 -25.770000 -0.300000 0.290000 18
20 -4.350000 -23.410000 -0.300000 0.290000 19
21 -5.610000 -26.640000 -0.150000 0.290000 19
22 -4.530000 -27.880000 -0.050000 0.290000 21
23 -0.750000 5.220000 0.000000 0.700000 0
24 0.340000 8.420000 0.000000 0.700000 23
25 2.180000 11.610000 0.000000 0.700000 24
26 2.170000 12.850000 -0.500000 0.640000 25
27 -0.510000 14.720000 -0.800000 0.350000 26
28 -0.600000 16.040000 1.890000 0.350000 27
29 0.660000 19.090000 1.890000 0.350000 28
30 -0.730000 21.390000 1.890000 0.350000 29
31 0.270000 22.210000 3.840000 0.350000 30
32 3.650000 23.590000 3.840000 0.350000 31
33 3.040000 26.270000 5.390000 0.235000 32
34 1.740000 27.250000 5.390000 0.235000 33
35 0.730000 26.280000 5.390000 0.235000 34
36 0.140000 28.800000 5.390000 0.235000 34
37 -2.920000 23.150000 3.440000 0.235000 30
38 -4.110000 24.790000 3.440000 0.235000 37
39 -3.290000 27.620000 3.490000 0.235000 38
40 -3.350000 28.450000 5.240000 0.235000 39
41 -5.730000 29.440000 5.240000 0.235000 40
42 -6.130000 26.860000 5.240000 0.235000 41
43 3.610000 15.140000 -4.900000 0.350000 26
44 6.290000 12.180000 -6.850000 0.175000 43
45 5.750000 18.660000 -5.100000 0.290000 43
46 3.360000 21.060000 -7.550000 0.290000 45
47 -0.230000 21.720000 -7.500000 0.290000 46
48 3.250000 23.780000 -6.500000 0.290000 46
49 5.820000 24.610000 -9.350000 0.290000 48
50 3.540000 25.530000 -6.100000 0.290000 48
51 0.120000 25.870000 -6.100000 0.290000 50
52 5.030000 20.680000 -8.200000 0.290000 45
53 7.250000 20.750000 -10.250000 0.290000 52
54 9.110000 23.770000 -15.600000 0.290000 53
55 9.260000 25.010000 -16.200000 0.290000 54
56 7.470000 25.960000 -18.050000 0.290000 55
57 7.140000 28.250000 -19.150000 0.290000 56
58 5.120000 31.080000 -20.550000 0.235000 57
59 4.350000 33.920000 -20.550000 0.235000 58
60 3.900000 37.860000 -23.650000 0.235000 59
61 3.870000 39.590000 -23.700000 0.235000 60
62 7.510000 24.070000 -5.100000 0.235000 52
63 10.580000 22.790000 -1.700000 0.235000 62
64 12.870000 25.420000 1.240000 0.235000 63
65 14.970000 28.370000 1.790000 0.235000 64
66 12.460000 33.480000 4.140000 0.235000 65
67 12.970000 34.590000 5.240000 0.235000 66
68 -3.970000 -1.550000 -0.050000 0.290000 0
69 -3.810000 -3.680000 4.890000 0.235000 68
70 -5.370000 -5.120000 8.240000 0.175000 69
71 -5.150000 -8.070000 8.290000 0.175000 70
72 -4.950000 -11.020000 10.240000 0.175000 71
73 -5.280000 -13.360000 10.640000 0.175000 72
74 -4.210000 -16.750000 12.090000 0.175000 73
75 -5.220000 -18.970000 13.190000 0.175000 74
