322
0 0.000000 0.000000 0.000000 4.067300 -1
1 2.330000 3.330000 0.000000 4.067300 0
2 -2.330000 -3.330000 0.000000 4.067300 0
3 -3.120000 7.370000 1.700000 0.035000 0
4 -5.840000 9.270000 2.950000 0.035000 3
5 -9.060000 9.460000 3.000000 0.035000 4
6 -12.010000 9.090000 4.090000 0.035000 5
7 -13.560000 9.460000 3.340000 0.035000 6
8 -15.480000 5.420000 2.340000 0.035000 7
9 -20.340000 2.090000 2.290000 0.035000 8
10 -30.190000 0.910000 2.290000 0.035000 9
11 -34.110000 0.060000 2.290000 0.035000 10
12 -35.050000 -1.520000 2.290000 0.035000 11
13 -39.670000 -1.430000 1.040000 0.035000 12
14 -42.170000 -4.610000 1.350000 0.035000 13
15 -45.430000 -6.870000 3.540000 0.035000 14
16 -51.810000 -11.110000 3.540000 0.035000 15
17 -54.870000 -13.280000 3.540000 0.035000 16
18 -56.820000 -15.680000 3.540000 0.035000 17
19 -58.520000 -16.560000 3.540000 0.035000 18
20 -51.370000 -13.040000 3.540000 0.035000 16
21 -44.810000 -9.730000 3.540000 0.035000 15
22 -32.960000 -1.370000 2.290000 0.035000 11
23 -20.600000 0.040000 2.290000 0.035000 9
24 -15.360000 12.060000 1.700000 0.035000 7
25 -18.860000 11.830000 1.640000 0.035000 24
26 -22.220000 11.930000 1.600000 0.035000 25
27 -25.890000 12.080000 1.000000 0.035000 26
28 -26.500000 11.600000 -0.150000 0.035000 27
29 -31.130000 11.440000 -0.250000 0.035000 28
30 -33.230000 8.690000 -0.250000 0.035000 29
31 -35.840000 7.280000 -1.700000 0.035000 30
32 -40.000000 7.130000 -1.850000 0.035000 31
33 -43.620000 6.080000 -3.590000 0.035000 32
34 -47.370000 6.910000 -3.590000 0.035000 33
35 -48.830000 7.660000 -3.590000 0.035000 34
36 -39.720000 5.600000 -3.540000 0.035000 32
37 -36.580000 5.830000 -1.790000 0.035000 31
38 -27.250000 9.880000 -0.250000 0.035000 28
39 -15.540000 13.090000 1.290000 0.035000 24
40 -15.530000 15.950000 1.290000 0.035000 39
41 -17.010000 18.340000 1.290000 0.035000 40
42 -18.880000 20.810000 1.250000 0.035000 41
43 -20.270000 24.650000 1.250000 0.035000 42
44 -21.560000 29.240000 0.100000 0.035000 43
45 -22.220000 33.200000 -0.440000 0.035000 44
46 -23.680000 40.770000 1.950000 0.035000 45
47 -25.680000 43.070000 2.000000 0.035000 46
48 -27.710000 44.670000 2.000000 0.035000 47
49 -29.490000 45.730000 2.500000 0.035000 48
50 -21.100000 21.910000 1.250000 0.035000 42
51 -13.880000 13.270000 1.290000 0.035000 39
52 -5.390000 6.710000 3.000000 0.035000 4
53 -4.380000 -1.880000 -2.700000 0.035000 0
54 -6.430000 -2.240000 -2.700000 0.035000 53
55 -8.500000 -1.700000 -2.700000 0.035000 54
56 -10.390000 -1.450000 -2.700000 0.035000 55
57 -13.620000 -3.500000 -2.540000 0.035000 56
58 -16.930000 -7.200000 -3.090000 0.035000 57
59 -18.530000 -9.220000 -3.090000 0.035000 58
60 -21.270000 -12.500000 -3.090000 0.035000 59
61 -5.730000 -0.320000 -2.700000 0.035000 54
62 -3.920000 -8.040000 -3.090000 0.035000 0
63 -6.680000 -9.430000 -3.090000 0.035000 62
64 -7.740000 -11.200000 -3.040000 0.035000 63
65 -11.250000 -11.440000 -3.090000 0.035000 64
66 -14.360000 -9.700000 -2.650000 0.035000 65
67 -15.490000 -9.370000 -2.650000 0.035000 66
68 -17.200000 -8.350000 -2.650000 0.035000 67
69 -20.660000 -7.100000 -2.650000 0.035000 68
70 -21.580000 -7.530000 -2.650000 0.035000 69
71 -15.070000 -8.770000 -2.650000 0.035000 67
72 -13.480000 -12.570000 -2.700000 0.035000 65
73 -15.400000 -14.210000 -1.980000 0.035000 72
74 -15.500000 -14.300000 -1.950000 0.035000 73
75 -16.090000 -16.300000 -1.950000 0.035000 74
76 -14.460000 -19.510000 -0.300000 0.035000 75
77 -15.780000 -23.080000 -0.250000 0.035000 76
78 -15.840000 -25.060000 2.000000 0.035000 77
79 -16.600000 -25.870000 2.040000 0.035000 78
80 -20.520000 -27.610000 2.090000 0.035000 79
81 -24.110000 -29.150000 2.090000 0.035000 80
82 -25.020000 -32.370000 2.840000 0.035000 81
83 -24.470000 -35.450000 3.650000 0.035000 82
84 -25.240000 -38.490000 4.250000 0.035000 83
85 -25.990000 -41.110000 4.750000 0.035000 84
86 -26.380000 -43.990000 5.000000 0.035000 85
87 -27.790000 -47.930000 5.000000 0.035000 86
88 -29.480000 -50.340000 5.000000 0.035000 87
89 -30.520000 -53.380000 5.000000 0.035000 88
90 -27.510000 -38.250000 5.000000 0.035000 85
91 -18.190000 -28.800000 2.090000 0.035000 79
92 -14.910000 -26.690000 2.040000 0.035000 78
93 -12.700000 -14.020000 -2.700000 0.035000 73
94 -14.820000 -11.000000 -1.950000 0.035000 72
95 2.820000 -9.690000 -0.940000 0.035000 0
96 5.520000 -14.460000 -0.890000 0.035000 95
97 6.470000 -17.630000 -0.850000 0.035000 96
98 4.210000 -22.790000 -0.850000 0.035000 97
99 2.350000 -24.800000 -0.850000 0.035000 98
100 1.210000 -26.690000 -0.850000 0.035000 99
101 -0.080000 -29.200000 -0.850000 0.035000 100
102 9.450000 -20.440000 -0.850000 0.035000 97
103 13.380000 -26.050000 -0.850000 0.035000 102
104 14.500000 -29.990000 -0.850000 0.035000 103
105 17.300000 -34.630000 -0.890000 0.035000 104
106 20.660000 -36.260000 -0.340000 0.035000 105
107 17.610000 -28.120000 -0.890000 0.035000 104
108 15.690000 -25.440000 -0.850000 0.035000 103
109 2.730000 3.190000 -0.550000 0.035000 0
110 6.160000 3.830000 -0.550000 0.035000 109
111 8.010000 3.260000 -0.550000 0.035000 110
112 9.430000 2.450000 -0.550000 0.035000 111
113 11.370000 1.360000 -0.550000 0.035000 112
114 15.510000 -0.450000 0.550000 0.035000 113
115 22.280000 -3.130000 0.550000 0.035000 114
116 25.050000 -4.610000 0.550000 0.035000 115
117 26.960000 -7.020000 0.550000 0.035000 116
118 31.470000 -10.630000 1.700000 0.035000 117
119 33.710000 -12.460000 1.700000 0.035000 118
120 37.950000 -15.160000 1.700000 0.035000 119
121 40.880000 -17.030000 1.700000 0.035000 120
122 43.680000 -17.910000 1.700000 0.035000 121
123 46.040000 -17.770000 1.700000 0.035000 122
124 59.510000 -22.920000 1.640000 0.035000 123
125 63.440000 -25.950000 1.640000 0.035000 124
126 67.830000 -27.400000 1.640000 0.035000 125
127 70.720000 -29.070000 1.640000 0.035000 126
128 72.060000 -29.100000 1.640000 0.035000 127
129 72.880000 -29.220000 1.640000 0.035000 128
130 73.300000 -29.250000 1.640000 0.035000 129
131 65.030000 -25.080000 1.640000 0.035000 125
132 43.070000 -19.190000 1.700000 0.035000 122
133 32.830000 -13.190000 1.700000 0.035000 119
134 21.570000 -4.420000 0.550000 0.035000 115
135 11.830000 -1.190000 0.550000 0.035000 113
136 5.600000 -3.590000 -1.500000 0.035000 0
137 9.250000 -5.070000 -1.500000 0.035000 136
138 10.960000 -6.880000 -1.500000 0.035000 137
139 13.650000 -10.380000 -1.500000 0.035000 138
140 13.950000 -10.590000 -1.500000 0.035000 139
141 16.760000 -11.210000 -1.500000 0.035000 140
142 16.650000 -13.570000 -2.750000 0.035000 141
143 19.560000 -16.760000 -2.750000 0.035000 142
144 23.100000 -18.160000 -2.750000 0.035000 143
145 24.610000 -18.950000 -2.750000 0.035000 144
146 27.660000 -19.100000 -2.750000 0.035000 145
147 18.760000 -12.880000 -2.750000 0.035000 142
148 13.080000 -12.220000 -1.500000 0.035000 140
149 11.640000 -6.290000 -1.790000 0.035000 138
150 16.470000 -6.350000 -1.790000 0.035000 149
151 19.660000 -6.690000 -1.950000 0.035000 150
152 22.990000 -9.920000 -2.000000 0.035000 151
153 25.540000 -13.260000 -2.000000 0.035000 152
154 25.630000 -13.370000 -2.000000 0.035000 153
155 26.720000 -12.070000 -2.000000 0.035000 154
156 27.690000 -14.550000 -2.040000 0.035000 155
157 30.690000 -18.260000 -2.000000 0.035000 156
158 31.780000 -19.020000 -2.040000 0.035000 157
159 36.360000 -22.400000 -2.040000 0.035000 158
160 41.430000 -27.130000 -2.000000 0.035000 159
161 49.220000 -29.470000 -2.750000 0.035000 160
162 26.500000 -15.550000 -1.200000 0.035000 154
163 26.120000 -8.100000 -1.040000 0.035000 153
164 32.440000 -9.380000 -1.000000 0.035000 163
165 34.070000 -10.520000 -1.000000 0.035000 164
166 35.680000 -13.000000 -1.000000 0.035000 165
167 36.550000 -14.950000 -1.000000 0.035000 166
168 37.640000 -15.710000 -1.000000 0.035000 167
169 21.520000 -11.130000 -2.000000 0.035000 152
170 16.500000 -3.860000 -1.950000 0.035000 150
171 -0.850000 7.860000 0.300000 0.035000 0
172 0.410000 16.590000 -2.400000 0.035000 171
173 3.270000 21.320000 -2.290000 0.035000 172
174 7.680000 21.820000 -2.340000 0.035000 173
175 9.840000 23.360000 -2.340000 0.035000 174
176 13.790000 26.700000 -2.340000 0.035000 175
177 18.890000 30.490000 -2.340000 0.035000 176
178 20.360000 31.710000 -2.340000 0.035000 177
179 23.790000 36.680000 -2.400000 0.035000 178
180 25.830000 37.400000 -2.250000 0.035000 179
181 29.240000 39.960000 -2.040000 0.035000 180
182 30.920000 43.260000 -2.040000 0.035000 181
183 32.560000 45.980000 -2.040000 0.035000 182
184 27.340000 41.110000 -2.040000 0.035000 181
185 24.800000 38.390000 -2.040000 0.035000 180
186 8.960000 24.700000 -2.340000 0.035000 175
187 8.090000 22.800000 -2.340000 0.035000 174
188 3.570000 24.540000 -4.000000 0.035000 173
189 0.050000 27.890000 -2.790000 0.035000 188
190 -1.650000 28.020000 -2.750000 0.035000 189
191 -4.910000 28.500000 -2.750000 0.035000 190
192 -6.960000 30.740000 -2.750000 0.035000 191
193 -8.260000 32.990000 -2.750000 0.035000 192
194 -11.600000 39.180000 -2.400000 0.035000 193
195 -13.340000 44.170000 -2.340000 0.035000 194
196 -15.090000 47.460000 -2.090000 0.035000 195
197 -16.850000 47.800000 -0.890000 0.035000 196
198 -10.210000 40.910000 -2.340000 0.035000 194
199 -1.540000 29.460000 -2.750000 0.035000 190
200 -1.290000 30.450000 -3.040000 0.035000 189
201 -1.490000 31.550000 -3.040000 0.035000 200
202 -1.510000 31.690000 -3.040000 0.035000 201
203 -1.100000 35.880000 -3.040000 0.035000 202
204 1.090000 36.500000 -3.040000 0.035000 203
205 1.230000 36.540000 -3.040000 0.035000 204
206 1.360000 36.580000 -3.040000 0.035000 205
207 3.230000 38.860000 -3.040000 0.035000 206
208 9.090000 39.520000 -3.040000 0.035000 207
209 11.350000 41.070000 -3.150000 0.035000 208
210 16.130000 43.120000 -3.090000 0.035000 209
211 19.170000 42.960000 -3.150000 0.035000 210
212 20.920000 43.530000 -2.950000 0.035000 211
213 21.860000 43.330000 -2.590000 0.035000 212
214 23.490000 43.980000 -2.450000 0.035000 213
215 28.050000 45.990000 -2.450000 0.035000 214
216 10.680000 42.430000 -3.150000 0.035000 209
217 9.470000 37.730000 -3.090000 0.035000 208
218 2.250000 41.600000 -2.650000 0.035000 207
219 1.360000 48.060000 -1.600000 0.035000 218
220 1.930000 52.630000 -1.600000 0.035000 219
221 1.950000 52.770000 -1.600000 0.035000 220
222 2.030000 55.080000 -1.640000 0.035000 221
223 2.040000 55.220000 -1.640000 0.035000 222
224 3.270000 57.960000 -1.640000 0.035000 223
225 3.330000 58.090000 -1.640000 0.035000 224
226 3.240000 62.720000 -2.950000 0.035000 225
227 5.660000 67.220000 -3.000000 0.035000 226
228 7.760000 72.030000 -3.000000 0.035000 227
229 8.750000 75.380000 -3.000000 0.035000 228
230 8.740000 78.980000 -3.000000 0.035000 229
231 8.200000 86.230000 -3.040000 0.035000 230
232 9.390000 89.870000 -3.040000 0.035000 231
233 7.510000 95.940000 -3.040000 0.035000 232
234 9.730000 100.410000 -3.040000 0.035000 233
235 11.190000 107.010000 -3.040000 0.035000 234
236 12.390000 111.560000 -2.790000 0.035000 235
237 14.320000 114.070000 -2.790000 0.035000 236
238 11.260000 119.240000 -2.790000 0.035000 237
239 13.030000 127.430000 -2.790000 0.035000 238
240 12.500000 131.840000 -2.790000 0.035000 239
241 10.100000 136.920000 -2.150000 0.035000 240
242 7.750000 137.680000 -1.950000 0.035000 241
243 5.500000 138.980000 -1.890000 0.035000 242
244 2.830000 142.640000 1.100000 0.035000 243
245 0.640000 146.860000 2.400000 0.035000 244
246 2.180000 150.990000 3.590000 0.035000 245
247 0.920000 155.640000 4.340000 0.035000 246
248 0.580000 160.360000 4.500000 0.035000 247
249 0.950000 162.990000 4.500000 0.035000 248
250 1.230000 170.020000 9.940000 0.035000 249
251 0.580000 177.470000 10.940000 0.035000 250
252 -0.480000 180.650000 10.940000 0.035000 251
253 -0.810000 183.830000 10.940000 0.035000 252
254 -1.440000 173.510000 10.940000 0.035000 250
255 7.870000 135.530000 -1.950000 0.035000 242
256 8.730000 144.850000 -1.100000 0.035000 241
257 10.110000 147.470000 -0.500000 0.035000 256
258 8.760000 151.740000 -0.500000 0.035000 257
259 7.400000 155.200000 -0.500000 0.035000 258
260 8.280000 159.690000 -0.500000 0.035000 259
261 7.080000 163.770000 -0.550000 0.035000 260
262 7.240000 168.360000 -0.550000 0.035000 261
263 7.240000 168.500000 -0.550000 0.035000 262
264 7.750000 172.190000 -0.550000 0.035000 263
265 6.760000 176.010000 -0.500000 0.035000 264
266 7.440000 180.120000 -0.500000 0.035000 265
267 10.640000 181.030000 -0.500000 0.035000 266
268 14.490000 181.820000 -0.500000 0.035000 267
269 16.870000 183.130000 -0.500000 0.035000 268
270 18.650000 184.310000 -0.500000 0.035000 269
271 20.410000 185.140000 -0.500000 0.035000 270
272 11.240000 179.440000 -0.500000 0.035000 267
273 9.330000 188.400000 -0.500000 0.035000 266
274 11.820000 195.630000 1.390000 0.035000 273
275 10.910000 201.820000 2.200000 0.035000 274
276 6.600000 204.380000 2.250000 0.035000 275
277 3.600000 206.210000 3.400000 0.035000 276
278 1.010000 208.720000 4.020000 0.035000 277
279 0.910000 208.810000 4.050000 0.035000 278
280 -1.910000 210.520000 4.690000 0.035000 279
281 -6.760000 216.160000 5.400000 0.035000 280
282 -15.070000 225.380000 6.750000 0.035000 281
283 -16.590000 229.310000 6.900000 0.035000 282
284 -17.850000 231.360000 6.900000 0.035000 283
285 -18.890000 233.880000 6.940000 0.035000 284
286 -21.350000 236.990000 8.940000 0.035000 285
287 -24.600000 241.940000 9.000000 0.035000 286
288 -20.030000 231.720000 6.940000 0.035000 284
289 2.460000 204.580000 3.450000 0.035000 278
290 4.910000 208.430000 3.450000 0.035000 277
291 10.110000 206.260000 2.540000 0.035000 275
292 7.670000 209.760000 2.540000 0.035000 291
293 6.890000 213.180000 2.950000 0.035000 292
294 4.700000 216.510000 3.150000 0.035000 293
295 4.600000 220.890000 3.450000 0.035000 294
296 2.240000 224.500000 4.050000 0.035000 295
297 2.820000 227.070000 4.500000 0.035000 296
298 -0.020000 234.170000 7.440000 0.035000 297
299 -3.340000 235.690000 7.500000 0.035000 298
300 -4.520000 237.150000 7.550000 0.035000 299
301 -4.780000 239.570000 7.550000 0.035000 300
302 -4.370000 233.710000 7.550000 0.035000 299
303 8.920000 163.560000 -0.550000 0.035000 262
304 6.290000 164.960000 -0.550000 0.035000 261
305 5.470000 155.020000 -0.500000 0.035000 259
306 10.500000 145.850000 -0.500000 0.035000 256
307 13.460000 107.670000 -2.790000 0.035000 235
308 4.940000 95.500000 -3.040000 0.035000 233
309 0.870000 63.210000 -2.950000 0.035000 226
310 4.730000 55.580000 -1.640000 0.035000 224
311 0.690000 54.820000 -1.640000 0.035000 223
312 5.250000 52.700000 -1.600000 0.035000 222
313 0.750000 52.980000 -1.640000 0.035000 221
314 -0.950000 48.350000 -1.600000 0.035000 220
315 3.450000 48.210000 -1.600000 0.035000 219
316 -2.610000 36.310000 -3.040000 0.035000 205
317 -2.250000 35.160000 -3.040000 0.035000 204
318 -3.000000 33.440000 -3.040000 0.035000 203
319 -2.810000 32.150000 -3.040000 0.035000 202
320 -2.750000 31.200000 -3.040000 0.035000 201
321 2.040000 30.090000 -3.040000 0.035000 200
