0 0.00000000e+00 0.00000000e+00 -1.94038446e+06 4.91899099e+01
1 7.71000000e+00 8.80000000e-01 2.14412557e+05 7.96379000e+00
2 -7.71000000e+00 -8.80000000e-01 -2.14412557e+05 7.96379000e+00
3 -5.78000000e+00 5.85000000e+00 7.69186846e+06 1.66003875e+00
4 -1.01700000e+01 1.08300000e+01 -5.37559312e+05 1.23057354e+02
5 -8.50000000e+00 1.32000000e+01 8.62425155e+04 8.22798512e+01
6 -8.68000000e+00 1.33500000e+01 -8.14954888e+05 1.41271820e+00
7 -9.34000000e+00 1.79400000e+01 1.01017847e+05 1.44732630e+02
8 -9.29000000e+00 1.81100000e+01 -1.57099605e+06 1.16448408e+00
9 -1.11200000e+01 2.25700000e+01 1.28489812e+05 2.75956893e+02
10 -1.09900000e+01 2.31000000e+01 -3.22335127e+06 9.20809783e-01
11 -1.03700000e+01 2.79600000e+01 2.06957152e+05 4.35477530e+02
12 -1.03500000e+01 2.77900000e+01 -8.70432202e+06 6.60743221e-01
13 -8.90000000e+00 3.35100000e+01 4.79953966e+05 6.07729230e+02
14 -9.19000000e+00 3.35200000e+01 -3.17346078e+07 5.06955855e-01
15 -7.44000000e+00 4.04100000e+01 1.79981256e+06 7.12516242e+02
16 -7.20000000e+00 4.12900000e+01 -1.78089240e+08 4.17286585e-01
17 -6.72000000e+00 5.07500000e+01 8.80605157e+06 1.02634297e+03
18 -1.14000000e+00 5.22000000e+01 -7.92416286e+09 5.80093936e-02
19 -5.00000000e-01 5.24400000e+01 -4.27755921e+08 -9.71449090e+02
20 2.23000000e+00 5.46300000e+01 1.86358502e+11 1.25394365e-01
21 2.38000000e+00 5.48200000e+01 3.16295517e+09 -3.22994559e+03
22 4.69000000e+00 5.85400000e+01 -2.17834583e+12 8.50000000e-02
23 -7.25000000e+00 5.52900000e+01 -5.15137712e+05 9.45158002e+02
24 -7.01000000e+00 5.61700000e+01 6.94497577e+07 4.16636280e-01
25 -7.03000000e+00 6.11300000e+01 -3.27625304e+06 1.29582897e+03
26 -7.18000000e+00 6.24800000e+01 5.91251421e+08 3.46215309e-01
27 -8.60000000e+00 6.69500000e+01 -1.79585956e+07 2.20419700e+03
28 -8.37000000e+00 6.76600000e+01 4.72912260e+09 2.56935310e-01
29 -7.59000000e+00 7.25500000e+01 -1.07128216e+08 3.20268419e+03
30 -7.44000000e+00 7.27300000e+01 4.61140778e+10 1.68960013e-01
31 -6.96000000e+00 7.74100000e+01 -5.56284276e+08 6.41702618e+03
32 -7.00000000e+00 7.79200000e+01 5.09949068e+11 8.50000000e-02
33 -1.50900000e+01 1.16900000e+01 5.44457466e+06 1.45872798e+00
34 -1.52700000e+01 1.16700000e+01 -1.99381906e+05 2.06315998e+02
35 -1.80000000e+01 1.37500000e+01 3.52330771e+06 1.20308574e+00
36 -1.79800000e+01 1.35800000e+01 -3.58814782e+04 4.01536136e+02
37 -1.76600000e+01 1.70500000e+01 8.13341929e+05 7.52232360e-01
38 -1.95800000e+01 1.93900000e+01 -1.71224381e+04 9.20976218e+02
39 -1.90600000e+01 2.39900000e+01 8.26402371e+05 4.97095201e-01
40 -1.88800000e+01 2.69200000e+01 -1.80371281e+04 1.23333055e+03
41 -1.54800000e+01 3.90100000e+01 1.43702848e+06 4.89663070e-01
42 -1.54300000e+01 3.91800000e+01 -3.76864605e+04 1.49395249e+03
43 -1.82800000e+01 5.35200000e+01 3.07984414e+06 6.54907886e-01
44 -1.82700000e+01 5.36900000e+01 -9.60709597e+04 1.72118394e+03
45 -2.04300000e+01 5.97700000e+01 8.09342350e+06 7.09489195e-01
46 -2.04800000e+01 6.04500000e+01 -2.46789294e+05 1.98244583e+03
47 -2.15000000e+01 7.05700000e+01 2.27547185e+07 7.65377815e-01
48 -2.15300000e+01 7.09100000e+01 -7.19080137e+05 2.24388901e+03
49 -2.21900000e+01 7.69900000e+01 7.27118497e+07 7.61389183e-01
50 -2.20400000e+01 7.71800000e+01 -2.23146546e+06 2.51489415e+03
51 -2.11000000e+01 7.95100000e+01 2.65957860e+08 6.67112651e-01
52 -2.10800000e+01 7.96800000e+01 -7.34428018e+06 2.88544562e+03
53 -2.27400000e+01 8.83600000e+01 9.31877662e+08 6.96379644e-01
54 -2.29600000e+01 8.93500000e+01 -2.48140690e+07 3.35548627e+03
55 -2.57300000e+01 9.69000000e+01 3.23595647e+09 7.43051814e-01
56 -2.55600000e+01 9.69000000e+01 -8.33109160e+07 3.76378265e+03
57 -2.57300000e+01 1.05970000e+02 1.21864400e+10 7.24449293e-01
58 -2.51800000e+01 1.07060000e+02 -3.09476188e+08 4.21576946e+03
59 -2.35500000e+01 1.10490000e+02 5.53993187e+10 6.17228240e-01
60 -2.36200000e+01 1.11170000e+02 -1.24830999e+09 4.93366417e+03
61 -2.37500000e+01 1.12360000e+02 2.59310996e+11 5.40895343e-01
62 -2.34200000e+01 1.12400000e+02 -5.04776582e+09 5.77414979e+03
63 -1.84200000e+01 1.17240000e+02 1.58230874e+12 3.74010490e-01
64 -1.81300000e+01 1.17450000e+02 -2.52235975e+10 7.36778967e+03
65 -1.56100000e+01 1.20470000e+02 1.19051901e+13 2.55240510e-01
66 -1.54300000e+01 1.20320000e+02 -1.31350981e+11 1.09053808e+04
67 -1.61600000e+01 1.21950000e+02 8.86399322e+13 1.80711466e-01
68 -1.54500000e+01 1.23060000e+02 -5.49117014e+11 1.98646732e+04
69 -1.28500000e+01 1.31400000e+02 8.48870302e+14 8.50000000e-02
70 -2.36100000e+01 2.09900000e+01 5.77481844e+02 6.24539755e+02
71 -2.71800000e+01 2.47700000e+01 -1.32181154e+04 1.07843191e+00
72 -2.72400000e+01 2.47700000e+01 4.00661742e+02 8.19417846e+02
73 -3.13500000e+01 2.80000000e+01 -1.04393664e+04 1.07214202e+00
74 -3.14800000e+01 2.80000000e+01 2.71495245e+02 1.07868642e+03
75 -3.34100000e+01 3.14400000e+01 -8.74714904e+03 9.74016873e-01
76 -3.34800000e+01 3.16100000e+01 1.88117907e+02 1.47187478e+03
77 -3.42200000e+01 3.46500000e+01 -8.07879284e+03 8.05726464e-01
78 -3.42900000e+01 3.46500000e+01 1.29865071e+02 2.15742038e+03
79 -3.66000000e+01 3.57600000e+01 -7.64759225e+03 6.06729558e-01
80 -4.10300000e+01 4.01200000e+01 8.13700770e+01 3.76920584e+03
81 -4.37000000e+01 4.24100000e+01 -7.02084618e+03 4.91721777e-01
82 -4.38100000e+01 4.25800000e+01 5.14611074e+01 5.79827022e+03
83 -4.63900000e+01 4.70000000e+01 -6.44409058e+03 3.76042137e-01
84 -4.64500000e+01 4.76800000e+01 2.84963757e+01 1.07489469e+04
85 -4.80300000e+01 4.95500000e+01 -6.39702258e+03 2.21409981e-01
86 -4.82900000e+01 5.00400000e+01 1.79852660e+01 1.77144779e+04
87 -5.20700000e+01 5.42900000e+01 -6.14759211e+03 1.59580987e-01
88 -5.22700000e+01 5.42900000e+01 8.71675457e+00 3.80490850e+04
89 -5.61000000e+01 5.76500000e+01 -5.94918707e+03 8.50000000e-02
90 -3.24800000e+01 2.57400000e+01 -1.71712963e+00 1.95322261e+03
91 -3.78100000e+01 2.77900000e+01 2.72409450e+02 5.37998768e-01
92 -3.79400000e+01 2.77900000e+01 -3.18118760e-01 2.86509818e+03
93 -4.29800000e+01 3.13800000e+01 1.75899129e+02 4.70766566e-01
94 -4.78800000e+01 3.25600000e+01 2.28702698e-01 5.18333145e+03
95 -4.79400000e+01 3.25600000e+01 1.19283991e+02 3.01153343e-01
96 -5.16900000e+01 3.28400000e+01 3.69604144e-01 1.29428618e+04
97 -5.76600000e+01 3.55900000e+01 6.77922144e+01 1.58554297e-01
98 -5.77500000e+01 3.64400000e+01 1.57689173e-01 2.86102932e+04
99 -6.19900000e+01 3.92300000e+01 3.96923971e+01 8.50000000e-02
100 -2.38200000e+01 1.36000000e+01 1.40476637e+06 4.89432914e+02
101 -3.14200000e+01 1.37500000e+01 -4.13080392e+03 8.83165383e-01
102 -3.13100000e+01 1.37400000e+01 6.16889684e+05 6.03225297e+02
103 -3.55800000e+01 1.45900000e+01 1.35171783e+03 8.60803649e-01
104 -4.44400000e+01 1.63100000e+01 2.02534382e+05 1.04923650e+03
105 -4.93500000e+01 1.69500000e+01 1.14393157e+03 7.97358893e-01
106 -5.23000000e+01 1.64400000e+01 6.56429596e+04 1.37052652e+03
107 -5.24600000e+01 1.64200000e+01 5.70709456e+02 6.28590580e-01
108 -5.47100000e+01 1.56500000e+01 1.97025819e+04 1.86704991e+03
109 -6.39400000e+01 1.45600000e+01 1.65462190e+02 4.98652330e-01
110 -7.54500000e+01 1.38700000e+01 3.80189976e+03 2.52988180e+03
111 -8.06400000e+01 1.39600000e+01 3.21103926e+01 4.44990048e-01
112 -8.79400000e+01 1.48300000e+01 6.03221857e+02 3.62273959e+03
113 -8.80800000e+01 1.48300000e+01 5.64067870e+00 3.60571610e-01
114 -9.28100000e+01 1.17800000e+01 9.60694924e+01 3.96739634e+03
115 -9.25800000e+01 1.17800000e+01 4.22803003e-01 2.74894584e-01
116 -9.49600000e+01 8.97000000e+00 1.15336411e+01 4.48560029e+03
117 -9.62800000e+01 3.96000000e+00 -3.90809073e-01 8.50000000e-02
118 5.90000000e+00 5.72000000e+00 1.60961865e+07 -1.20918520e+01
119 6.04000000e+00 5.74000000e+00 -4.27608712e+05 2.67887471e+00
120 1.09800000e+01 1.26400000e+01 -8.38147909e+06 -7.58866638e+01
121 1.77900000e+01 1.49000000e+01 8.65225775e+05 3.43898498e+00
122 2.07400000e+01 1.34800000e+01 6.25140744e+06 -4.03077666e+02
123 2.18200000e+01 1.35900000e+01 -5.58872606e+05 7.35518997e-01
124 2.60400000e+01 1.25900000e+01 -3.26071851e+06 -5.03972369e+02
125 2.62900000e+01 1.24400000e+01 2.78181192e+05 6.48830113e-01
126 3.06400000e+01 1.15700000e+01 1.32309757e+06 -6.28743998e+02
127 3.08600000e+01 1.14200000e+01 -1.07938998e+05 5.60440439e-01
128 3.51000000e+01 1.30900000e+01 -4.30215871e+05 -9.66386033e+02
129 3.56300000e+01 1.31500000e+01 4.06823346e+04 4.84788973e-01
130 3.99800000e+01 1.28900000e+01 1.41418271e+05 -1.28903555e+03
131 4.02200000e+01 1.29100000e+01 -1.33362958e+04 4.02786380e-01
132 4.42700000e+01 1.21700000e+01 -4.12140501e+04 -1.69537128e+03
133 5.00000000e+01 1.43600000e+01 3.31684228e+03 4.23484822e-01
134 5.01600000e+01 1.47200000e+01 1.17941287e+04 -2.18135394e+03
135 5.42400000e+01 1.65900000e+01 -9.17858393e+02 4.12499101e-01
136 5.43700000e+01 1.69500000e+01 -3.59647945e+03 -2.81396651e+03
137 5.94600000e+01 1.93700000e+01 2.67564085e+02 4.09281848e-01
138 5.97100000e+01 1.95500000e+01 1.16709938e+03 -3.59974050e+03
139 6.89400000e+01 2.07700000e+01 -7.66352091e+01 3.97764781e-01
140 6.89700000e+01 2.09400000e+01 -3.50620852e+02 -4.61762925e+03
141 8.51800000e+01 2.52700000e+01 1.98003528e+01 4.66139411e-01
142 8.52800000e+01 2.54400000e+01 1.04478376e+02 -5.69220379e+03
143 9.03000000e+01 2.97400000e+01 -5.10156852e+00 4.71782458e-01
144 9.04500000e+01 2.99300000e+01 -3.37698537e+01 -6.99920186e+03
145 9.25300000e+01 3.18800000e+01 2.24576228e+00 4.21450994e-01
146 1.01190000e+02 3.43100000e+01 9.98421563e+00 -1.35573330e+04
147 1.01340000e+02 3.39900000e+01 -3.12421176e-01 2.54070990e-01
148 1.02710000e+02 3.31200000e+01 -2.85626457e+00 -2.01202773e+04
149 1.03040000e+02 3.31600000e+01 5.43576978e-01 1.69818333e-01
150 1.09110000e+02 3.42000000e+01 1.28317779e+00 -4.39947574e+04
151 1.09280000e+02 3.42200000e+01 2.31246314e-01 8.50000000e-02
152 1.03650000e+02 4.84900000e+01 1.13486991e+00 -6.25387056e+04
153 1.05180000e+02 5.05400000e+01 -5.45003581e-01 8.50000000e-02
154 2.38000000e+01 1.62700000e+01 -2.09696408e+05 -1.55488492e+02
155 2.42400000e+01 1.68300000e+01 -5.78537227e+05 2.61943016e+00
156 3.12500000e+01 1.83400000e+01 1.17655227e+05 -2.42394557e+02
157 3.18400000e+01 1.89200000e+01 3.32298259e+05 2.48264538e+00
158 3.39800000e+01 2.05300000e+01 -6.80037442e+04 -3.13159988e+02
159 3.53400000e+01 2.03500000e+01 -1.92550570e+05 2.29462223e+00
160 3.83100000e+01 1.96700000e+01 3.74048924e+04 -3.69459446e+02
161 3.91100000e+01 2.04600000e+01 9.65976776e+04 2.16434767e+00
162 4.37100000e+01 2.42600000e+01 -1.80721468e+04 -5.55375334e+02
163 4.42300000e+01 2.41400000e+01 -5.28792696e+04 1.92162331e+00
164 5.41600000e+01 2.82900000e+01 8.30404280e+03 -9.19335758e+02
165 5.43400000e+01 2.81400000e+01 2.74905831e+04 1.66283489e+00
166 6.01400000e+01 2.64400000e+01 -4.00207221e+03 -1.12946597e+03
167 6.06600000e+01 2.63200000e+01 -1.19711793e+04 1.41335018e+00
168 6.61300000e+01 2.47500000e+01 1.62359672e+03 -1.31637693e+03
169 6.63000000e+01 2.47700000e+01 4.46466524e+03 1.24739267e+00
170 7.22200000e+01 2.56200000e+01 -5.67417528e+02 -1.71736493e+03
171 7.24000000e+01 2.54700000e+01 -1.57863277e+03 1.07364803e+00
172 7.74400000e+01 2.34800000e+01 1.90027144e+02 -2.01216750e+03
173 7.77900000e+01 2.31800000e+01 4.75999136e+02 8.96058538e-01
174 8.98000000e+01 2.48900000e+01 -5.00213702e+01 -3.07843222e+03
175 9.02700000e+01 2.49500000e+01 -1.31249971e+02 7.31577624e-01
176 9.41700000e+01 2.56400000e+01 1.33943473e+01 -4.29952815e+03
177 9.42000000e+01 2.56400000e+01 3.56349492e+01 5.61734317e-01
178 9.88000000e+01 2.42500000e+01 -3.59826928e+00 -6.11613509e+03
179 9.89700000e+01 2.42700000e+01 -8.78393263e+00 3.92721073e-01
180 1.08690000e+02 2.55600000e+01 7.63393726e-01 -1.24735229e+04
181 1.12110000e+02 2.58400000e+01 1.98628516e+00 2.32244146e-01
182 1.12160000e+02 2.58400000e+01 -1.59994010e-01 -1.96830535e+04
183 1.21680000e+02 2.55000000e+01 -4.03780482e-01 1.57639494e-01
184 1.21810000e+02 2.58600000e+01 5.17541136e-02 -4.33649303e+04
185 1.24570000e+02 2.95900000e+01 1.01126790e-01 8.50000000e-02
186 1.16100000e+01 1.62600000e+01 -2.46609260e+05 -5.52626354e+02
187 2.00500000e+01 1.95100000e+01 6.81189375e+06 7.06315976e-01
188 2.06400000e+01 2.00900000e+01 1.77002442e+05 -7.73159142e+02
189 2.63000000e+01 2.33000000e+01 -5.20460191e+06 7.92405156e-01
190 2.67900000e+01 2.36700000e+01 -1.20917148e+05 -1.01882077e+03
191 3.25200000e+01 2.54600000e+01 3.78885265e+06 8.12528656e-01
192 3.72100000e+01 2.80100000e+01 6.54246700e+04 -1.62210991e+03
193 3.75400000e+01 2.80500000e+01 -2.82730097e+06 6.49084658e-01
194 4.08800000e+01 3.00700000e+01 -3.31339094e+04 -2.56585465e+03
195 4.10400000e+01 3.00900000e+01 2.07170032e+06 4.81247753e-01
196 4.81500000e+01 3.84400000e+01 1.33918725e+04 -5.94666461e+03
197 5.20600000e+01 4.17900000e+01 -1.52974319e+06 3.65839567e-01
198 5.20500000e+01 4.19600000e+01 -5.75568530e+03 -1.11520774e+04
199 5.84300000e+01 4.72800000e+01 1.09856254e+06 2.47714233e-01
200 6.12700000e+01 4.81700000e+01 1.39349844e+03 -3.79772891e+04
201 6.22700000e+01 5.18400000e+01 -8.49813165e+05 8.50000000e-02
202 1.06600000e+01 1.96200000e+01 -1.00338028e+04 -4.82217935e+02
203 1.39800000e+01 2.53100000e+01 3.46998114e+05 7.31863727e-01
204 1.72400000e+01 3.14500000e+01 9.59810956e+03 -1.13700827e+03
205 1.70000000e+01 3.14500000e+01 -6.42090390e+05 4.70119818e-01
206 1.77100000e+01 3.69300000e+01 -7.79937584e+03 -3.04030706e+03
207 1.87300000e+01 4.13200000e+01 1.26611768e+06 2.54533072e-01
208 2.32700000e+01 4.83300000e+01 4.59936076e+03 -1.33041315e+04
209 2.32400000e+01 4.86600000e+01 -2.63304053e+06 8.50000000e-02
210 8.98000000e+00 2.61600000e+01 -8.28650515e+02 -3.16779275e+02
211 8.80000000e+00 2.61600000e+01 2.98517325e+04 7.26129690e-01
212 7.58000000e+00 3.11900000e+01 1.85542951e+03 -5.01815541e+02
213 8.19000000e+00 3.11900000e+01 -1.13742503e+05 5.08785279e-01
214 6.80000000e+00 3.41500000e+01 -4.24504236e+03 -9.15025494e+02
215 8.21000000e+00 3.65300000e+01 4.73250722e+05 3.27671465e-01
216 8.36000000e+00 3.67200000e+01 8.92558907e+03 -1.94695471e+03
217 8.72000000e+00 3.79600000e+01 -1.99303724e+06 1.70000000e-01
218 -1.99000000e+00 6.83000000e+00 1.74335150e+07 7.60192900e-01
219 -2.01000000e+00 7.00000000e+00 -2.90725789e+06 4.19758294e+01
220 -3.20000000e+00 1.02900000e+01 3.77496920e+07 7.92475156e-01
221 -3.22000000e+00 1.04600000e+01 -4.30809665e+06 9.16557201e+01
222 -5.18000000e+00 1.46800000e+01 7.58746776e+07 8.33517481e-01
223 -5.02000000e+00 1.50200000e+01 -7.45925808e+06 1.52781619e+02
224 -5.22000000e+00 1.98600000e+01 2.17835537e+08 6.80058375e-01
225 -5.24000000e+00 2.00300000e+01 -1.76703846e+07 2.46924202e+02
226 -5.48000000e+00 2.22200000e+01 7.95390482e+08 4.93639251e-01
227 -5.31000000e+00 2.22400000e+01 -3.57460237e+07 4.94865784e+02
228 -4.76000000e+00 2.47000000e+01 3.71436325e+09 2.37706099e-01
229 -4.78000000e+00 2.50400000e+01 -5.26119338e+07 1.76780529e+03
230 -4.71000000e+00 3.19000000e+01 1.97449494e+10 8.50000000e-02
231 2.82000000e+00 -1.01100000e+01 -1.30114648e+06 1.50769244e+01
232 4.02000000e+00 -1.80200000e+01 -4.05456854e+06 5.78277617e+00
233 3.41000000e+00 -2.67200000e+01 -3.84384522e+06 2.81848156e+01
234 2.43000000e+00 -4.05800000e+01 -4.13566364e+07 3.77166172e+00
235 3.20000000e-01 -4.50000000e+01 -2.56755146e+08 7.24834020e+00
236 1.50000000e-01 -4.54900000e+01 -1.02245722e+10 1.14232570e+00
237 5.20000000e-01 -5.11300000e+01 2.60872693e+09 -2.00397509e+02
238 -1.14000000e+00 -5.88500000e+01 4.60915158e+11 3.33084251e-01
239 -2.80000000e-01 -6.75000000e+01 1.13074957e+12 2.75142913e+01
240 -4.30000000e-01 -6.78500000e+01 -6.98942379e+13 -1.09767788e+00
241 -1.86000000e+00 -7.11200000e+01 -7.63830489e+13 6.50782899e+01
242 -1.77000000e+00 -7.11200000e+01 2.76805652e+15 -1.96251861e+00
243 -9.20000000e-01 -8.22400000e+01 8.71792966e+15 2.61122741e+01
244 -8.30000000e-01 -8.67300000e+01 -2.68021446e+17 -2.82106544e+00
245 -6.80000000e-01 -8.67200000e+01 -1.34643941e+18 1.72624328e+01
246 3.00000000e-01 -9.26000000e+01 -7.48056279e+19 1.66672339e+00
247 3.30000000e-01 -9.89300000e+01 -2.42942245e+20 3.04620580e+01
248 7.60000000e-01 -1.12020000e+02 -9.54732912e+21 2.85047158e+00
249 -2.41000000e+00 -1.16230000e+02 2.46871932e+21 -4.49498675e+02
250 -4.63000000e+00 -1.18540000e+02 2.39763660e+23 1.22054355e+00
251 -5.50000000e+00 -1.21230000e+02 -4.57967574e+22 -6.34685732e+02
252 -5.35000000e+00 -1.21400000e+02 -5.43445494e+24 1.02305133e+00
253 -5.53000000e+00 -1.24530000e+02 8.38312660e+23 -8.07279559e+02
254 -5.48000000e+00 -1.24530000e+02 1.23521020e+26 8.45160410e-01
255 -3.13000000e+00 -1.26250000e+02 -2.66442499e+25 -5.85286836e+02
256 -3.48000000e+00 -1.26580000e+02 -4.48248800e+27 7.52401156e-01
257 -4.97000000e+00 -1.33190000e+02 5.25272876e+26 -1.13659510e+03
258 -4.95000000e+00 -1.33360000e+02 1.20628661e+29 5.80711002e-01
259 -4.61000000e+00 -1.36360000e+02 -1.07469671e+28 -1.53056431e+03
260 -4.41000000e+00 -1.36510000e+02 -3.73032908e+30 3.93281249e-01
261 -4.22000000e+00 -1.45890000e+02 1.97372638e+29 -2.75731081e+03
262 -4.14000000e+00 -1.46560000e+02 1.31457605e+32 2.20047625e-01
263 -3.37000000e+00 -1.50580000e+02 -5.26796363e+30 -3.75759735e+03
264 -2.06000000e+00 -1.55050000e+02 -9.60938543e+33 8.50000000e-02
265 7.60000000e-01 -1.25020000e+02 -2.05054157e+22 5.82093581e+01
266 1.80000000e+00 -1.34650000e+02 -6.53431935e+23 4.22546569e+00
267 1.59000000e+00 -1.34840000e+02 -1.38719313e+24 6.35158581e+01
268 1.08000000e+00 -1.51500000e+02 -8.04904148e+25 2.61099114e+00
269 1.66000000e+00 -1.51500000e+02 -8.53872933e+25 1.42811622e+02
270 2.48000000e+00 -1.56090000e+02 -4.88778977e+27 2.72681585e+00
271 2.53000000e+00 -1.56090000e+02 -3.62588194e+27 2.10413664e+02
272 4.19000000e+00 -1.63770000e+02 -1.81349190e+29 3.27440495e+00
273 5.19000000e+00 -1.71550000e+02 -8.47136558e+28 3.67242486e+02
274 8.58000000e+00 -1.78180000e+02 -3.61753461e+30 4.17253208e+00
275 8.60000000e+00 -1.78350000e+02 -1.39760172e+30 4.61638884e+02
276 1.11800000e+01 -1.88320000e+02 -5.76028028e+31 4.56915883e+00
277 1.16000000e+01 -1.89130000e+02 -1.84684460e+31 5.89893602e+02
278 1.22300000e+01 -1.91290000e+02 -8.89511032e+32 3.97165285e+00
279 1.74600000e+01 -1.95310000e+02 -8.25976721e+30 2.10333288e+04
280 1.83000000e+01 -1.95390000e+02 -9.49338773e+33 1.70000000e-01
281 1.11100000e+01 -2.07140000e+02 -2.43756755e+32 7.55890088e+02
282 1.11200000e+01 -2.07310000e+02 -1.65565000e+34 3.05216761e+00
283 1.21900000e+01 -2.16940000e+02 -3.33733351e+33 1.07623859e+03
284 1.21900000e+01 -2.16770000e+02 -2.94485758e+35 2.45660024e+00
285 9.50000000e+00 -2.21270000e+02 -2.07618145e+34 3.13849561e+03
286 9.28000000e+00 -2.23690000e+02 -7.02069397e+36 6.61503024e-01
287 7.17000000e+00 -2.24270000e+02 -2.31578153e+35 6.79913462e+03
288 6.85000000e+00 -2.27140000e+02 -2.29849925e+38 2.28847853e-01
289 4.80000000e+00 -2.30150000e+02 1.25230607e+36 -4.22420377e+04
290 4.67000000e+00 -2.30150000e+02 -1.13276830e+40 -2.54437066e-02
291 1.42000000e+00 -2.38660000e+02 2.23716718e+39 -1.20843218e+03
292 1.46000000e+00 -2.38830000e+02 -1.85207897e+42 -2.88488043e-01
293 2.54000000e+00 -2.43480000e+02 3.96292431e+41 -1.13790765e+03
294 -3.51000000e+00 -2.50840000e+02 1.28502918e+44 7.73569932e-01
295 -6.24000000e+00 -2.54380000e+02 -1.06791265e+43 -3.06097809e+03
296 -6.10000000e+00 -2.54380000e+02 -5.35922876e+45 5.06893122e-01
297 -1.29100000e+01 -2.61700000e+02 1.04566450e+44 -1.34126211e+04
298 -1.30600000e+01 -2.61890000e+02 1.07391794e+47 2.55000000e-01
299 1.61900000e+01 -2.20510000e+02 -2.16786609e+34 2.99543661e+03
300 1.54300000e+01 -2.21970000e+02 -4.20789638e+36 1.14356722e+00
301 1.55800000e+01 -2.21980000e+02 -1.94072940e+35 4.81297825e+03
302 1.73600000e+01 -2.29430000e+02 -5.38010575e+37 8.27607424e-01
303 1.73900000e+01 -2.29760000e+02 -1.24558396e+36 9.92412500e+03
304 1.74100000e+01 -2.42250000e+02 -7.09982860e+38 4.25000000e-01
