0 0.00000000e+00 0.00000000e+00 2.97044426e+02 -4.55559853e+01
1 2.33000000e+00 3.33000000e+00 -2.43197683e+02 4.06730000e+00
2 -2.33000000e+00 -3.33000000e+00 2.43197683e+02 4.06730000e+00
3 -3.12000000e+00 7.37000000e+00 -2.97048828e+04 8.73816976e-02
4 -5.84000000e+00 9.27000000e+00 1.96549062e+02 1.03350602e+03
5 -9.06000000e+00 9.46000000e+00 -8.02652617e+03 6.54138828e+02
6 -1.20100000e+01 9.09000000e+00 1.31176162e+02 1.66901485e-01
7 -1.35600000e+01 9.46000000e+00 -5.38057682e+03 9.72525823e+02
8 -1.54800000e+01 5.42000000e+00 3.91791592e+01 8.62822111e-02
9 -2.03400000e+01 2.09000000e+00 -1.43380999e+03 8.28954116e+02
10 -3.01900000e+01 9.10000000e-01 -1.16178871e+03 3.41118821e-02
11 -3.41100000e+01 6.00000000e-02 -3.95109848e+01 -2.30442382e+03
12 -3.50500000e+01 -1.52000000e+00 1.39073137e+03 5.25243632e-02
13 -3.96700000e+01 -1.43000000e+00 2.68319372e+00 -3.23709908e+03
14 -4.21700000e+01 -4.61000000e+00 -4.71826406e+01 6.00542625e-02
15 -4.54300000e+01 -6.87000000e+00 -3.38342846e-01 -1.24571258e+04
16 -5.18100000e+01 -1.11100000e+01 6.13627054e-02 -2.99859610e+04
17 -5.48700000e+01 -1.32800000e+01 -1.16090904e+02 6.71774209e-02
18 -5.68200000e+01 -1.56800000e+01 -1.48153438e-01 -2.76882850e+04
19 -5.85200000e+01 -1.65600000e+01 3.10451160e+01 3.50000000e-02
20 -5.13700000e+01 -1.30400000e+01 1.24004848e+02 3.50000000e-02
21 -4.48100000e+01 -9.73000000e+00 7.08354602e+00 3.50000000e-02
22 -3.29600000e+01 -1.37000000e+00 -1.48114426e+03 3.50000000e-02
23 -2.06000000e+01 4.00000000e-02 1.70406855e+03 3.50000000e-02
24 -1.53600000e+01 1.20600000e+01 2.88263620e+01 2.26436120e+03
25 -1.88600000e+01 1.18300000e+01 -3.44066034e+03 9.85359832e-02
26 -2.22200000e+01 1.19300000e+01 9.85385914e+00 4.17219639e+03
27 -2.58900000e+01 1.20800000e+01 -1.58548988e+03 7.49614338e-02
28 -2.65000000e+01 1.16000000e+01 2.36009331e+00 7.69241669e+03
29 -3.11300000e+01 1.14400000e+01 -1.35866146e+00 3.71074197e+03
30 -3.32300000e+01 8.69000000e+00 8.18595073e-01 7.78203999e-02
31 -3.58400000e+01 7.28000000e+00 -3.21655058e-01 6.09324529e+03
32 -4.00000000e+01 7.13000000e+00 -2.03623145e+00 1.03962790e+04
33 -4.36200000e+01 6.08000000e+00 -2.04579974e+02 6.56289818e-02
34 -4.73700000e+01 6.91000000e+00 -3.36723376e-01 1.06868293e+04
35 -4.88300000e+01 7.66000000e+00 -2.88771126e+01 3.50000000e-02
36 -3.97200000e+01 5.60000000e+00 2.24654175e+02 3.50000000e-02
37 -3.65800000e+01 5.83000000e+00 2.43568541e+00 3.50000000e-02
38 -2.72500000e+01 9.88000000e+00 -6.73363482e+02 3.50000000e-02
39 -1.55400000e+01 1.30900000e+01 2.61602035e-02 5.26258342e+03
40 -1.55300000e+01 1.59500000e+01 1.37733190e-01 5.43667503e+03
41 -1.70100000e+01 1.83400000e+01 -5.10243441e-02 5.73816546e-02
42 -1.88800000e+01 2.08100000e+01 6.53729263e-02 1.75542339e+04
43 -2.02700000e+01 2.46500000e+01 5.30852875e+00 1.14979663e-01
44 -2.15600000e+01 2.92400000e+01 2.53822421e-02 7.88218373e+03
45 -2.22200000e+01 3.32000000e+01 6.98120023e+00 9.35917381e-02
46 -2.36800000e+01 4.07700000e+01 6.44861675e-02 1.64772992e+04
47 -2.56800000e+01 4.30700000e+01 1.10076242e+01 6.71250753e-02
48 -2.77100000e+01 4.46700000e+01 4.19590792e-02 3.85308264e+04
49 -2.94900000e+01 4.57300000e+01 1.66060374e+01 3.50000000e-02
50 -2.11000000e+01 2.19100000e+01 -5.20916618e+00 3.50000000e-02
51 -1.38800000e+01 1.32700000e+01 2.69386886e+01 3.50000000e-02
52 -5.39000000e+00 6.71000000e+00 -3.75955486e+04 3.50000000e-02
53 -4.38000000e+00 -1.88000000e+00 1.95369215e+03 3.10404065e-01
54 -6.43000000e+00 -2.24000000e+00 -7.57953802e+01 -5.22984293e+01
55 -8.50000000e+00 -1.70000000e+00 4.30788336e+00 -2.62050096e+02
56 -1.03900000e+01 -1.45000000e+00 1.26759309e+01 5.74832383e-02
57 -1.36200000e+01 -3.50000000e+00 -2.27810080e-01 -2.12024618e+03
58 -1.69300000e+01 -7.20000000e+00 -2.47098237e+00 5.74904882e-02
59 -1.85300000e+01 -9.22000000e+00 2.50607026e-01 -7.59639357e+03
60 -2.12700000e+01 -1.25000000e+01 1.21679496e+00 3.50000000e-02
61 -5.73000000e+00 -3.20000000e-01 -7.70129191e+02 3.50000000e-02
62 -3.92000000e+00 -8.04000000e+00 2.37646918e+04 1.00361122e-01
63 -6.68000000e+00 -9.43000000e+00 -2.32542361e+02 -9.63759467e+02
64 -7.74000000e+00 -1.12000000e+01 -2.89542755e+04 8.99444881e-02
65 -1.12500000e+01 -1.14400000e+01 1.41699093e+02 -2.34236416e+03
66 -1.43600000e+01 -9.70000000e+00 2.30673905e+04 5.94646032e-02
67 -1.54900000e+01 -9.37000000e+00 -3.64410933e+01 -5.93270608e+03
68 -1.72000000e+01 -8.35000000e+00 -4.49961809e+03 6.65946514e-02
69 -2.06600000e+01 -7.10000000e+00 7.23361548e+00 -4.64274786e+03
70 -2.15800000e+01 -7.53000000e+00 1.48054642e+03 3.50000000e-02
71 -1.50700000e+01 -8.77000000e+00 -9.20681109e+03 3.50000000e-02
72 -1.34800000e+01 -1.25700000e+01 -2.05198656e-01 -4.65763627e+03
73 -1.54000000e+01 -1.42100000e+01 1.93353467e-01 -5.08714679e+03
74 -1.55000000e+01 -1.43000000e+01 6.31045004e-02 -2.94165548e+03
75 -1.60900000e+01 -1.63000000e+01 -5.05124873e-02 8.91551990e-02
76 -1.44600000e+01 -1.95100000e+01 6.35981125e-02 -5.20937242e+03
77 -1.57800000e+01 -2.30800000e+01 8.16048518e-02 6.99124431e-02
78 -1.58400000e+01 -2.50600000e+01 -7.67038047e-02 -1.13698832e+04
79 -1.66000000e+01 -2.58700000e+01 -5.84364228e-02 -1.96878842e+04
80 -2.05200000e+01 -2.76100000e+01 -1.03117717e+01 1.20029549e-01
81 -2.41100000e+01 -2.91500000e+01 -3.47358928e-02 -8.26543845e+03
82 -2.50200000e+01 -3.23700000e+01 1.19303329e+01 9.79856030e-02
83 -2.44700000e+01 -3.54500000e+01 -5.30460768e-02 -1.37723775e+04
84 -2.52400000e+01 -3.84900000e+01 -1.69010364e+01 7.05386657e-02
85 -2.59900000e+01 -4.11100000e+01 -1.07725771e-01 -3.00644067e+04
86 -2.63800000e+01 -4.39900000e+01 -4.66540756e-02 -1.99152502e+04
87 -2.77900000e+01 -4.79300000e+01 -9.45578421e-03 6.68820297e-02
88 -2.94800000e+01 -5.03400000e+01 -9.37653022e-02 -4.65473250e+04
89 -3.05200000e+01 -5.33800000e+01 -1.48338061e-01 3.50000000e-02
90 -2.75100000e+01 -3.82500000e+01 2.51282650e+01 3.50000000e-02
91 -1.81900000e+01 -2.88000000e+01 1.16294578e+01 3.50000000e-02
92 -1.49100000e+01 -2.66900000e+01 -2.06415667e-01 3.50000000e-02
93 -1.27000000e+01 -1.40200000e+01 3.09017363e-01 3.50000000e-02
94 -1.48200000e+01 -1.10000000e+01 -1.20205292e+02 3.50000000e-02
95 2.82000000e+00 -9.69000000e+00 2.74743800e+00 1.08268045e+03
96 5.52000000e+00 -1.44600000e+01 5.21254407e+02 7.37260754e-02
97 6.47000000e+00 -1.76300000e+01 3.18300607e+00 2.94545984e+03
98 4.21000000e+00 -2.27900000e+01 -5.16293960e-01 -1.29728608e+02
99 2.35000000e+00 -2.48000000e+01 3.05143739e+01 -4.49124380e-01
100 1.21000000e+00 -2.66900000e+01 -1.21670192e+01 -6.67078571e+01
101 -8.00000000e-02 -2.92000000e+01 -1.01750561e+04 3.50000000e-02
102 9.45000000e+00 -2.04400000e+01 9.72584908e+02 6.55625320e-02
103 1.33800000e+01 -2.60500000e+01 2.25487087e+00 1.14044543e+04
104 1.45000000e+01 -2.99900000e+01 3.63580167e-02 1.41484401e+04
105 1.73000000e+01 -3.46300000e+01 9.39395191e-03 2.14037950e+04
106 2.06600000e+01 -3.62600000e+01 1.78484671e-02 3.50000000e-02
107 1.76100000e+01 -2.81200000e+01 3.78249799e+00 3.50000000e-02
108 1.56900000e+01 -2.54400000e+01 1.61468328e+03 3.50000000e-02
109 2.73000000e+00 3.19000000e+00 -1.65421445e+02 -5.60425251e+02
110 6.16000000e+00 3.83000000e+00 -1.52975969e+02 4.20954028e-02
111 8.01000000e+00 3.26000000e+00 7.96964161e+01 -3.68021390e+03
112 9.43000000e+00 2.45000000e+00 5.25304648e+01 6.27770039e-03
113 1.13700000e+01 1.36000000e+00 -1.73830066e+01 5.38369149e+02
114 1.55100000e+01 -4.50000000e-01 4.34204378e+02 5.12768147e-02
115 2.22800000e+01 -3.13000000e+00 -1.00850567e+00 4.28440093e+03
116 2.50500000e+01 -4.61000000e+00 1.50412775e+02 7.40077880e-02
117 2.69600000e+01 -7.02000000e+00 -3.47316700e-01 4.85183112e+03
118 3.14700000e+01 -1.06300000e+01 3.35703792e+01 6.89489195e-02
119 3.37100000e+01 -1.24600000e+01 -9.39465972e-02 1.23723113e+04
120 3.79500000e+01 -1.51600000e+01 -3.23631562e-01 1.02188362e+04
121 4.08800000e+01 -1.70300000e+01 7.02291318e-03 6.81279912e-02
122 4.36800000e+01 -1.79100000e+01 -8.72639952e-02 2.36147370e+04
123 4.60400000e+01 -1.77700000e+01 -6.39281465e-01 2.25470663e+04
124 5.95100000e+01 -2.29200000e+01 2.88512278e-03 6.04944030e-02
125 6.34400000e+01 -2.59500000e+01 -2.05114000e-01 6.45737027e+04
126 6.78300000e+01 -2.74000000e+01 9.60140867e+01 1.03395779e-01
127 7.07200000e+01 -2.90700000e+01 -1.03798312e-01 3.00578547e+04
128 7.20600000e+01 -2.91000000e+01 3.87562189e+01 6.97637427e-02
129 7.28800000e+01 -2.92200000e+01 -3.75548648e-02 6.12578921e+04
130 7.33000000e+01 -2.92500000e+01 1.54720059e+01 3.50000000e-02
131 6.50300000e+01 -2.50800000e+01 -1.00121689e+02 3.50000000e-02
132 4.30700000e+01 -1.91900000e+01 7.25826638e-01 3.50000000e-02
133 3.28300000e+01 -1.31900000e+01 1.31669824e+01 3.50000000e-02
134 2.15700000e+01 -4.42000000e+00 -1.11645573e+02 3.50000000e-02
135 1.18300000e+01 -1.19000000e+00 -5.75307940e+02 3.50000000e-02
136 5.60000000e+00 -3.59000000e+00 6.56159216e+00 8.53228008e+02
137 9.25000000e+00 -5.07000000e+00 1.15098360e+02 5.49670468e-02
138 1.09600000e+01 -6.88000000e+00 2.53091511e+00 3.77646233e+03
139 1.36500000e+01 -1.03800000e+01 3.87164349e+02 5.51243299e-02
140 1.39500000e+01 -1.05900000e+01 8.04311589e-01 7.34089041e+03
141 1.67600000e+01 -1.12100000e+01 5.88301173e+01 6.77271353e-02
142 1.66500000e+01 -1.35700000e+01 3.27764493e-01 6.90376650e+03
143 1.95600000e+01 -1.67600000e+01 3.46730392e-01 6.36606587e+03
144 2.31000000e+01 -1.81600000e+01 1.18233651e-01 6.58960047e-02
145 2.46100000e+01 -1.89500000e+01 1.43944972e-01 1.50944921e+04
146 2.76600000e+01 -1.91000000e+01 -1.86012433e-02 3.50000000e-02
147 1.87600000e+01 -1.28800000e+01 4.20459048e+01 3.50000000e-02
148 1.30800000e+01 -1.22200000e+01 2.37962503e+02 3.50000000e-02
149 1.16400000e+01 -6.29000000e+00 -3.86125879e+02 6.07038973e-02
150 1.64700000e+01 -6.35000000e+00 1.67843727e+00 4.06881879e+03
151 1.96600000e+01 -6.69000000e+00 -2.33404814e+02 5.84799180e-02
152 2.29900000e+01 -9.92000000e+00 7.58934921e-01 9.71301516e+03
153 2.55400000e+01 -1.32600000e+01 -2.45941774e+02 1.18015758e-01
154 2.56300000e+01 -1.33700000e+01 1.76788795e-01 1.52300309e+04
155 2.67200000e+01 -1.20700000e+01 -1.67032627e+02 9.33075216e-02
156 2.76900000e+01 -1.45500000e+01 2.15961816e-01 6.90973461e+03
157 3.06900000e+01 -1.82600000e+01 -7.92561836e+01 8.11032941e-02
158 3.17800000e+01 -1.90200000e+01 1.48440188e-01 1.31108983e+04
159 3.63600000e+01 -2.24000000e+01 -4.15153413e+01 6.21213098e-02
160 4.14300000e+01 -2.71300000e+01 6.60897216e-02 4.14432750e+04
161 4.92200000e+01 -2.94700000e+01 -2.29238830e+01 3.50000000e-02
162 2.65000000e+01 -1.55500000e+01 4.42590217e+01 3.50000000e-02
163 2.61200000e+01 -8.10000000e+00 4.64791054e-01 3.49613737e+03
164 3.24400000e+01 -9.38000000e+00 -6.14421898e+01 8.70361242e-02
165 3.40700000e+01 -1.05200000e+01 1.61732220e-01 6.88783812e+03
166 3.56800000e+01 -1.30000000e+01 -1.81439882e+01 6.73422268e-02
167 3.65500000e+01 -1.49500000e+01 4.75392187e-02 1.68950179e+04
168 3.76400000e+01 -1.57100000e+01 -7.23311070e+00 3.50000000e-02
169 2.15200000e+01 -1.11300000e+01 1.84198448e+02 3.50000000e-02
170 1.65000000e+01 -3.86000000e+00 1.29393368e+02 3.50000000e-02
171 -8.50000000e-01 7.86000000e+00 -1.10209051e+04 2.11821803e-01
172 4.10000000e-01 1.65900000e+01 -4.75301831e+03 -3.84675413e+01
173 3.27000000e+00 2.13200000e+01 5.59635388e+04 1.81069606e+00
174 7.68000000e+00 2.18200000e+01 2.31610673e+02 -5.26998579e+03
175 9.84000000e+00 2.33600000e+01 7.61164805e-01 -6.32310927e+03
176 1.37900000e+01 2.67000000e+01 -5.47249139e-02 -6.60720397e+03
177 1.88900000e+01 3.04900000e+01 -1.19963922e+00 8.71704659e-02
178 2.03600000e+01 3.17100000e+01 -3.09160120e-02 -1.23751166e+04
179 2.37900000e+01 3.66800000e+01 1.50069953e+00 7.05136573e-02
180 2.58300000e+01 3.74000000e+01 -5.10462704e-02 -2.72019858e+04
181 2.92400000e+01 3.99600000e+01 -4.96657326e-02 -3.21127166e+04
182 3.09200000e+01 4.32600000e+01 -4.43696899e-02 -4.27745021e+04
183 3.25600000e+01 4.59800000e+01 3.38122026e-03 3.50000000e-02
184 2.73400000e+01 4.11100000e+01 5.02362136e-02 3.50000000e-02
185 2.48000000e+01 3.83900000e+01 -2.29524798e+00 3.50000000e-02
186 8.96000000e+00 2.47000000e+01 -6.04022020e+02 3.50000000e-02
187 8.09000000e+00 2.28000000e+01 -1.50944667e+05 3.50000000e-02
188 3.57000000e+00 2.45400000e+01 2.73374136e+04 -5.02367808e+01
189 5.00000000e-02 2.78900000e+01 -2.74861210e+07 2.77392202e-02
190 -1.65000000e+00 2.80200000e+01 2.52156879e+05 3.05429214e+03
191 -4.91000000e+00 2.85000000e+01 -9.02843848e+07 7.95982002e-02
192 -6.96000000e+00 3.07400000e+01 5.78523038e+05 4.79728776e+03
193 -8.26000000e+00 3.29900000e+01 -3.35995368e+08 5.68028023e-02
194 -1.16000000e+01 3.91800000e+01 6.31520681e+05 2.08453938e+04
195 -1.33400000e+01 4.41700000e+01 -4.21865671e+08 6.61212158e-02
196 -1.50900000e+01 4.74600000e+01 8.70044555e+05 2.30123207e+04
197 -1.68500000e+01 4.78000000e+01 -1.18823230e+09 3.50000000e-02
198 -1.02100000e+01 4.09100000e+01 -7.38157526e+08 3.50000000e-02
199 -1.54000000e+00 2.94600000e+01 -2.12244126e+08 3.50000000e-02
200 -1.29000000e+00 3.04500000e+01 -4.77232429e+05 -1.75376297e+03
201 -1.49000000e+00 3.15500000e+01 6.14177074e+03 2.45148211e+03
202 -1.51000000e+00 3.16900000e+01 -7.54987296e+01 2.58123448e+03
203 -1.10000000e+00 3.58800000e+01 8.53147260e-01 2.86630311e+03
204 1.09000000e+00 3.65000000e+01 -1.01536111e-01 2.26030040e+03
205 1.23000000e+00 3.65400000e+01 -8.47729674e-02 2.21212715e+03
206 1.36000000e+00 3.65800000e+01 2.58437403e+00 1.00381676e-01
207 3.23000000e+00 3.88600000e+01 -9.12010642e-03 -1.91977029e+03
208 9.09000000e+00 3.95200000e+01 -8.17181327e-02 -1.02085890e+04
209 1.13500000e+01 4.10700000e+01 -7.43287697e-02 -1.29470957e+04
210 1.61300000e+01 4.31200000e+01 -5.83714303e-02 -8.61466549e+03
211 1.91700000e+01 4.29600000e+01 6.10847935e-03 9.55974268e-02
212 2.09200000e+01 4.35300000e+01 -3.07159249e-02 -1.50278262e+04
213 2.18600000e+01 4.33300000e+01 -1.47064366e-01 6.30291820e-02
214 2.34900000e+01 4.39800000e+01 -5.33815121e-02 -3.68576650e+04
215 2.80500000e+01 4.59900000e+01 1.43306923e-01 3.50000000e-02
216 1.06800000e+01 4.24300000e+01 1.07705654e-01 3.50000000e-02
217 9.47000000e+00 3.77300000e+01 -1.93567236e-01 3.50000000e-02
218 2.25000000e+00 4.16000000e+01 -4.56558389e+01 4.87540506e-02
219 1.36000000e+00 4.80600000e+01 -4.94595008e-01 -4.75217096e+03
220 1.93000000e+00 5.26300000e+01 -1.44309049e-02 1.31248279e+03
221 1.95000000e+00 5.27700000e+01 -3.02717545e-02 -1.13523657e+03
222 2.03000000e+00 5.50800000e+01 -3.03718800e-02 -7.90486076e+03
223 2.04000000e+00 5.52200000e+01 -3.00391884e-02 -1.08068033e+03
224 3.27000000e+00 5.79600000e+01 -2.90065554e-02 -8.68824779e+03
225 3.33000000e+00 5.80900000e+01 1.15951150e+00 1.64343813e-01
226 3.24000000e+00 6.27200000e+01 1.36046269e-03 -1.57110569e+03
227 5.66000000e+00 6.72200000e+01 -3.68288808e-02 -4.79702047e+03
228 7.76000000e+00 7.20300000e+01 -3.98216661e-01 1.16519979e-01
229 8.75000000e+00 7.53800000e+01 -3.80889292e-02 -8.09096140e+03
230 8.74000000e+00 7.89800000e+01 3.09140790e+00 8.53152276e-02
231 8.20000000e+00 8.62300000e+01 -1.21872737e-02 -1.40531214e+04
232 9.39000000e+00 8.98700000e+01 -2.87126386e+01 6.00490935e-02
233 7.51000000e+00 9.59400000e+01 -1.25138130e-01 -2.87638912e+04
234 9.73000000e+00 1.00410000e+02 1.53543112e+02 6.39190807e-02
235 1.11900000e+01 1.07010000e+02 3.70966105e-01 -4.14066378e+04
236 1.23900000e+01 1.11560000e+02 -1.82164184e-02 -1.04030990e+04
237 1.43200000e+01 1.14070000e+02 -3.08480036e+00 1.57018299e-01
238 1.12600000e+01 1.19240000e+02 -5.36487694e-02 -1.10036151e+04
239 1.30300000e+01 1.27430000e+02 2.80156157e+01 1.50896555e-01
240 1.25000000e+01 1.31840000e+02 2.45273291e-01 -1.42195771e+04
241 1.01000000e+01 1.36920000e+02 -3.65977956e+02 9.72524422e-02
242 7.75000000e+00 1.37680000e+02 -1.58927894e+00 -3.19927868e+04
243 5.50000000e+00 1.38980000e+02 4.34786081e+02 5.03572890e-01
244 2.83000000e+00 1.42640000e+02 7.20037011e+01 -8.61490727e+02
245 6.40000000e-01 1.46860000e+02 -9.69051669e+04 1.09097613e-01
246 2.18000000e+00 1.50990000e+02 -3.29375353e+03 -4.44222410e+03
247 9.20000000e-01 1.55640000e+02 1.59041631e+07 3.22333292e-02
248 5.80000000e-01 1.60360000e+02 -7.58647711e+04 3.36175887e+04
249 9.50000000e-01 1.62990000e+02 -2.68461992e+09 -4.60594193e-03
250 1.23000000e+00 1.70020000e+02 8.64446349e+07 5.28013197e+03
251 5.80000000e-01 1.77470000e+02 -2.77010368e+11 5.53817875e-02
252 -4.80000000e-01 1.80650000e+02 1.17624301e+10 4.25438643e+03
253 -8.10000000e-01 1.83830000e+02 -6.17796436e+13 3.50000000e-02
254 -1.44000000e+00 1.73510000e+02 -4.28543103e+11 3.50000000e-02
255 7.87000000e+00 1.35530000e+02 6.09842784e+03 3.50000000e-02
256 8.73000000e+00 1.44850000e+02 -1.21496894e+00 -4.37548951e+04
257 1.01100000e+01 1.47470000e+02 -1.15175598e-02 -2.13360268e+04
258 8.76000000e+00 1.51740000e+02 2.03963325e+01 6.23002695e-02
259 7.40000000e+00 1.55200000e+02 7.21355245e-02 -4.20684491e+04
260 8.28000000e+00 1.59690000e+02 -1.61861526e+02 7.41117545e-02
261 7.08000000e+00 1.63770000e+02 -8.97481425e-01 -2.96456043e+04
262 7.24000000e+00 1.68360000e+02 -6.97489569e-03 -4.16842294e+04
263 7.24000000e+00 1.68500000e+02 -3.16787271e-03 -7.18179298e+03
264 7.75000000e+00 1.72190000e+02 8.06942966e-02 1.85812373e-01
265 6.76000000e+00 1.76010000e+02 -1.08702649e-03 -7.88945613e+03
266 7.44000000e+00 1.80120000e+02 -1.97620499e+00 1.69857951e-01
267 1.06400000e+01 1.81030000e+02 -8.98658940e-03 -5.76257823e+04
268 1.44900000e+01 1.81820000e+02 -2.48027116e-03 -4.62218716e+04
269 1.68700000e+01 1.83130000e+02 6.72216060e-02 6.68385042e-02
270 1.86500000e+01 1.84310000e+02 -2.58127069e-03 -1.07963034e+05
271 2.04100000e+01 1.85140000e+02 -6.31529832e-01 3.50000000e-02
272 1.12400000e+01 1.79440000e+02 3.17872458e+01 3.50000000e-02
273 9.33000000e+00 1.88400000e+02 -1.49432264e-02 -1.73294498e+04
274 1.18200000e+01 1.95630000e+02 3.14566449e+01 1.33434238e-01
275 1.09100000e+01 2.01820000e+02 2.94441872e-01 -2.23688043e+04
276 6.60000000e+00 2.04380000e+02 -9.60233788e+02 6.03886287e-02
277 3.60000000e+00 2.06210000e+02 -6.75551309e+00 -2.92397045e+04
278 1.01000000e+00 2.08720000e+02 -6.27850678e-02 -1.76393511e+04
279 9.10000000e-01 2.08810000e+02 2.95337865e+02 5.82814701e-02
280 -1.91000000e+00 2.10520000e+02 -3.57242133e+00 1.72709540e+04
281 -6.76000000e+00 2.16160000e+02 9.19670299e+03 8.46070554e-02
282 -1.50700000e+01 2.25380000e+02 -3.02408752e+01 6.84676116e+04
283 -1.65900000e+01 2.29310000e+02 1.24939428e+05 5.55628385e-02
284 -1.78500000e+01 2.31360000e+02 -1.43896645e+02 2.00836864e+05
285 -1.88900000e+01 2.33880000e+02 5.19844457e+05 6.47545284e-02
286 -2.13500000e+01 2.36990000e+02 -7.24446434e+02 1.70049292e+05
287 -2.46000000e+01 2.41940000e+02 5.00804486e+06 3.50000000e-02
288 -2.00300000e+01 2.31720000e+02 9.52876303e+05 3.50000000e-02
289 2.46000000e+00 2.04580000e+02 4.65559119e+02 3.50000000e-02
290 4.91000000e+00 2.08430000e+02 4.03286170e+04 3.50000000e-02
291 1.01100000e+01 2.06260000e+02 -8.75111239e-01 6.57404376e+01
292 7.67000000e+00 2.09760000e+02 -7.58291415e+00 -2.44859369e+01
293 6.89000000e+00 2.13180000e+02 2.70491634e+01 5.99002479e+01
294 4.70000000e+00 2.16510000e+02 3.44367855e+02 -1.69981255e+01
295 4.60000000e+00 2.20890000e+02 -1.27506896e+03 5.96539958e+01
296 2.24000000e+00 2.24500000e+02 -3.39372045e+04 -8.43489551e+00
297 2.82000000e+00 2.27070000e+02 1.01930792e+05 7.56015702e+01
298 -2.00000000e-02 2.34170000e+02 -3.85127897e+08 6.19771413e-02
299 -3.34000000e+00 2.35690000e+02 3.11067360e+06 2.91804306e+04
300 -4.52000000e+00 2.37150000e+02 -2.25467636e+04 3.27184521e+04
301 -4.78000000e+00 2.39570000e+02 1.54329591e+08 3.50000000e-02
302 -4.37000000e+00 2.33710000e+02 -2.07713005e+10 3.50000000e-02
303 8.92000000e+00 1.63560000e+02 1.68803982e+01 3.50000000e-02
304 6.29000000e+00 1.64960000e+02 4.21424388e+03 3.50000000e-02
305 5.47000000e+00 1.55020000e+02 -3.33784257e+02 3.50000000e-02
306 1.05000000e+01 1.45850000e+02 5.04866342e+03 3.50000000e-02
307 1.34600000e+01 1.07670000e+02 -1.22091201e+03 3.50000000e-02
308 4.94000000e+00 9.55000000e+01 2.54591184e+02 3.50000000e-02
309 8.70000000e-01 6.32100000e+01 -8.67427099e+01 3.50000000e-02
310 4.73000000e+00 5.55800000e+01 -7.94732922e-01 3.50000000e-02
311 6.90000000e-01 5.48200000e+01 1.92808724e-01 3.50000000e-02
312 5.25000000e+00 5.27000000e+01 1.70878472e-02 3.50000000e-02
313 7.50000000e-01 5.29800000e+01 -1.03435562e+00 3.50000000e-02
314 -9.50000000e-01 4.83500000e+01 -2.57790213e+01 3.50000000e-02
315 3.45000000e+00 4.82100000e+01 6.35555009e+02 3.50000000e-02
316 -2.61000000e+00 3.63100000e+01 1.08875560e+00 3.50000000e-02
317 -2.25000000e+00 3.51600000e+01 1.51431335e+01 3.50000000e-02
318 -3.00000000e+00 3.34400000e+01 -9.01978411e+02 3.50000000e-02
319 -2.81000000e+00 3.21500000e+01 6.92641187e+04 3.50000000e-02
320 -2.75000000e+00 3.12000000e+01 -5.47503677e+06 3.50000000e-02
321 2.04000000e+00 3.00900000e+01 4.10283450e+08 3.50000000e-02
